milliseconds,species_17,species_67,s118,s119,s120,s122,s126,s135,species_3,species_5,species_6,species_7,species_8,species_9,species_10,species_11,species_12,species_13,species_14,species_15,species_16,species_18,species_19,species_20,species_21,species_22,species_31,species_32,species_33,species_34,species_35,species_36,species_37,species_38,species_39,species_40,species_41,species_42,species_43,species_44,species_45,species_46,species_47,species_48,species_49,species_50,species_51,species_52,species_53,species_54,species_55,species_56,species_57,species_58,species_59,species_60,species_61,species_62,species_63,species_64,species_65,species_66,species_74,species_75,species_76,species_78,species_80,species_81,species_82,species_83,species_84,species_85,species_86,species_87,species_88,species_90,species_91,species_98,species_99,species_100,species_101,species_104,species_105,species_106,species_107,species_108,s138,s139,s140,species_68,species_92,species_94,species_95,species_96,species_97,species_102,species_103,species_23,species_24,species_25,species_26,species_27,species_28,species_29,species_30
0,0.0,0.0,-9.88461561076433e-10,2.689061621349894e-19,-5.730167074236028e-19,-4.621605528827581e-21,1.6360261218567665e-23,-6.842660778202299e-21,0.0,12.094702665050853,0.044269264715916065,0.0,0.0,0.0,0.0,1000.0000000013291,-8.848028119805104e-10,0.0,-6.216798793116236e-19,0.0,0.0,-5.81857781186357e-14,1.6602839277226364e-32,50.000000000105544,3.5696021663522017e-13,1.2082772474092761e-21,6.484140069585184e-30,84.89769636960267,0.0,0.0,34.301493085066156,0.0,0.0,19000.0,0.0,0.0,67.0,0.0,0.0,0.0,0.0,0.0,-0.014902608658064939,0.0,67.0,0.0,41667.0,0.0,0.0,0.0,0.0,0.0,67.0,0.0,35000.0,0.0,0.0,0.0,0.0,16667.0,0.0,0.0,40493.0,0.0,0.0,0.08608805320755107,9.435296045050478e-05,-2.174388428187788e-06,-2.0787778719023814e-09,7.360811785911964e-11,1000.000000004245,-1.7706478198576274e-09,1.2546047232422393e-18,-7.645504580170168e-19,-1.2152840988179842e-10,6.091789531397578e-11,-2.0632480670334498e-13,-1.8439285849405876e-29,-1.2306237671215632e-31,4.45736303148313e-41,-5.751138832398542e-20,-2.121160588689557e-42,7.1374319716502225e-43,1.5232589534569782e-46,11.900409355371842,100.0000000000141,0.0,0.0,12.003599111084803,5.948642008660901e-09,1.650547097753974e-20,1.0309423695820032e-23,-5.3452120214587e-21,-1.4495749144225745e-25,7.933481066870223e-26,-1.2855859651822634e-22,2.7242083070383833e-25,-2.5836586406627473e-22,60.0,2.8094375667985647e-24,-1.0821872672567957e-23,-3.345945559242374e-24,1.922616480317456e-26,-2.7816876957906194e-26,-2.7506209171940623e-27
100,0.0,0.0,4.1100326712868287e-10,3.556714471908429e-19,-2.4811081452411342e-18,2.9731096972025145e-21,-7.551997127958388e-23,-1.722083727405326e-20,0.0,10.82562754598505,0.13537717081338874,0.0,0.0,0.0,0.0,999.9999999939909,1.0877066051692327e-09,0.0,2.961015989575923e-19,0.0,0.0,1.0792245365053504e-13,2.2865840702670142e-32,50.00000000001608,2.5164068871058253e-11,-4.377399299663246e-21,-1.252494214670157e-30,83.87195990094723,0.0,0.0,32.802799418139664,0.0,0.0,19000.0,0.0,0.0,67.0,0.0,0.0,0.0,0.0,0.0,1.5313135401161513,0.0,67.0,0.0,41667.0,0.0,0.0,0.0,0.0,0.0,67.0,0.0,35000.0,0.0,0.0,0.0,0.0,16667.0,0.0,0.0,40493.0,0.0,0.0,1.2334519063667864,-2.711158365821119e-05,7.5371670782921e-07,-1.563107944282166e-09,6.185343442332256e-09,1000.0000000079341,-2.5488046736892516e-09,2.1134548163263224e-19,4.6839043395888484e-18,-2.8406612970549603e-11,-2.4823797753233554e-11,2.448370980838731e-13,-4.244030574975777e-29,1.398120004401988e-31,2.5404715647229083e-42,1.3411454073236243e-20,-7.620658305796931e-41,1.3007255336027034e-42,-3.072654376184205e-47,10.797675612313059,99.99999999997725,0.0,0.0,11.937010992148368,-2.892413955801466e-09,1.6478612737450905e-20,-3.760710061859065e-23,-7.052756863124898e-22,-5.503364907205216e-27,1.3963243135432932e-25,3.1288166595964705e-22,1.0353024172307727e-25,-6.922916708744233e-22,60.0,5.850510608539626e-24,-1.3406712982943623e-22,-3.4573447584450195e-24,-4.805403503600593e-26,1.1474532193435711e-26,-2.2841977400286e-26
200,0.0,0.0,-6.221178234066352e-10,2.0578637707968367e-19,-7.717751569638854e-19,-3.7503631258028954e-22,-1.0967453525197792e-23,-3.003947339668275e-20,0.0,9.70972434708061,0.19366005190455948,0.0,0.0,0.0,0.0,999.9999999979875,5.387128937586393e-10,0.0,-5.802178596889102e-19,0.0,0.0,-5.4403025529737855e-14,-7.733746177833595e-33,49.999999999971024,-1.2797677770583563e-11,5.50809932807164e-21,5.5862607677745385e-30,82.71249712868959,0.0,0.0,31.28653246338722,0.0,0.0,19000.0,0.0,0.0,67.0,0.0,0.0,0.0,0.0,0.0,2.6365490148660116,0.0,67.0,0.0,41667.0,0.0,0.0,0.0,0.0,0.0,67.0,0.0,35000.0,0.0,0.0,0.0,0.0,16667.0,0.0,0.0,40493.0,0.0,0.0,2.22690394525525,0.0003860559105403068,8.00848206952885e-07,1.4763460417753202e-09,-2.9208433694004414e-10,999.9999999920205,3.837620297992648e-09,1.0278474534095328e-18,6.149286001258898e-18,-1.184259807529742e-10,-1.488777313176142e-10,-5.766513778346613e-13,3.125173969815324e-29,3.1142546313580435e-32,-8.51026685102699e-42,2.219014887831132e-20,-4.747590188334636e-41,-1.2039363045147517e-42,-8.531392191792726e-47,9.690870426832822,99.99999999984232,0.0,0.0,11.825712985978814,-1.666703220427828e-10,-2.2711291542635113e-22,1.0578274790624128e-23,3.3824882857020005e-21,-2.154214018730294e-25,-1.2865274488125332e-25,-2.9932841111255894e-22,-3.539058580334841e-25,-1.0456267815392546e-21,60.0,-1.6870204698217626e-23,-2.1204404493786985e-22,-1.2588228453259698e-24,-5.966389196867376e-26,-3.325967385979821e-27,-1.1378678157254607e-26
300,0.0,0.0,7.852709692255725e-10,-2.891138524417425e-19,2.623276614510354e-18,-8.564091943088455e-22,8.064611613237355e-23,2.604617307780308e-20,0.0,8.829586756869237,0.28431540771391933,0.0,0.0,0.0,0.0,999.99999999831,1.0457955916130953e-09,0.0,3.8892397648731787e-19,0.0,0.0,1.0377091195672666e-13,1.2557155258441756e-32,49.999999999964906,-2.063186245972526e-11,-1.3561599892648563e-21,7.504996322425488e-31,81.1031713032876,0.0,0.0,30.02917983069389,0.0,0.0,19000.0,0.0,0.0,67.0,0.0,0.0,0.0,0.0,0.0,3.7065740295824536,0.0,67.0,0.0,41667.0,0.0,0.0,0.0,0.0,0.0,67.0,0.0,35000.0,0.0,0.0,0.0,0.0,16667.0,0.0,0.0,40493.0,0.0,0.0,3.2241708997047205,0.00028187495966830835,-2.4326987653831754e-06,-2.351129380593794e-09,-1.8581557341416275e-09,999.9999999966183,-3.1141156132364617e-09,-5.3998661870339364e-21,6.747938879380568e-18,1.219370591530914e-10,1.4451178720055845e-10,-2.0788537543823706e-13,2.7613677657490986e-30,5.800011293577097e-32,4.660596238519009e-41,1.5027384435362024e-19,-3.6236011925822503e-41,1.0675840801845111e-42,4.26705674626374e-47,8.889669182546783,99.99999999980216,0.0,0.0,11.691614141095368,6.458799284540933e-10,-5.094141559729299e-22,-6.547936184794916e-23,3.821319525372438e-21,-2.0013870023392493e-25,6.466303235212253e-26,3.2567648277386772e-22,1.7933425074384806e-25,-6.306812521325697e-22,60.0,-1.638252591218422e-24,2.1556209432606816e-22,-3.269672582637312e-25,8.428698858484803e-27,1.9822772040156013e-26,-1.6845477310579018e-26
400,0.0,0.0,-5.155823588419117e-10,-2.993179347698873e-19,-1.8227639098417014e-18,2.0300818538922004e-21,-5.294620159562769e-23,-3.553694686605745e-21,0.0,8.082731450920274,0.40275441137458284,0.0,0.0,0.0,0.0,999.9999999965249,1.4788028408907504e-10,0.0,-2.366247268031165e-19,0.0,0.0,-1.4501541027819333e-13,-7.882380537928332e-33,50.000000000179114,-1.6065918427998508e-11,4.203843853885151e-21,1.8868941614496613e-30,80.09015617432621,0.0,0.0,29.44387226927888,0.0,0.0,19000.0,0.0,0.0,67.0,0.0,0.0,0.0,0.0,0.0,4.606546788216056,0.0,67.0,0.0,41667.0,0.0,0.0,0.0,0.0,0.0,67.0,0.0,35000.0,0.0,0.0,0.0,0.0,16667.0,0.0,0.0,40493.0,0.0,0.0,3.864876400200298,0.0017872595449018984,2.5810054862705344e-06,1.6203274731106078e-09,-7.732537846517055e-09,999.9999999813821,-3.3726928822514883e-09,9.511232194433433e-19,8.228813605641899e-18,1.586462374134577e-10,-7.569305630695148e-11,-4.3861694779695803e-13,1.794942315346025e-29,1.9918618755280545e-32,-4.667010408041482e-41,-1.8063025786772084e-19,2.716320990421253e-41,1.453148629013814e-42,-7.434079197683203e-47,8.200325783100075,100.00000000005186,0.0,0.0,11.64831156868793,-3.3525068388858605e-09,1.1548804087033489e-20,9.36889866825388e-23,2.9788060854326754e-21,-2.3460783327675727e-25,1.319519277206899e-25,3.2878250596725993e-22,2.936730550306029e-25,-7.322274730468368e-22,60.0,-1.5431594849990986e-23,-1.3769615590141234e-23,2.2980534790062594e-24,-6.349575524196738e-26,1.533617282424785e-26,-1.0456583701749414e-26
500,0.0,0.0,-7.722189529484139e-10,-1.0283810127911653e-19,1.7161717480282024e-18,3.1375901590157317e-21,-7.803969846815714e-23,-3.082284184452307e-20,0.0,7.5242777126857305,0.42885328421763913,0.0,0.0,0.0,0.0,1000.0000000016037,5.772985583311008e-10,0.0,-1.2925597095050015e-20,0.0,0.0,-5.0759570869758955e-14,2.4397343620232423e-33,50.0000000000912,-4.930756257783887e-12,9.83932652568578e-21,4.910903365989548e-30,79.0806386669482,0.0,0.0,28.45925946250933,0.0,0.0,19000.0,0.0,0.0,67.0,0.0,0.0,0.0,0.0,0.0,5.9201742623909555,0.0,67.0,0.0,41667.0,0.0,0.0,0.0,0.0,0.0,67.0,0.0,35000.0,0.0,0.0,0.0,0.0,16667.0,0.0,0.0,40493.0,0.0,0.0,4.498714891147273,0.0023417443032013,-1.616178571882008e-06,1.854311963322724e-10,3.812548702356179e-09,999.9999999826501,-1.4035513227618052e-09,-4.9395142072098435e-19,-7.536113068474767e-18,1.0083400460476326e-12,-4.3053772668435905e-11,2.7017275202053306e-13,2.885520978603351e-29,1.2010222870272214e-31,-4.0548405069122344e-43,-1.7818755212873647e-20,-2.8405269841841074e-41,-7.840410720447835e-43,1.5668433336160056e-46,7.541813671420692,99.99999999981472,0.0,0.0,11.586647251176819,-4.99950244189256e-09,1.3978069829379083e-20,6.250209654821257e-23,3.0692615720806e-21,8.541139254704052e-26,6.068270513569038e-26,-3.226261548463677e-22,3.0522313493844163e-25,1.1515579361768275e-22,60.0,-5.9677065746351744e-24,6.749729347829197e-23,-3.875907671159296e-24,-4.0907604572403723e-26,2.955723109403998e-26,-2.9283845283466752e-27
600,0.0,0.0,-8.624114871019076e-11,-2.2579207525671025e-19,-9.915152840955757e-19,-4.7079007911921995e-21,6.684654264480644e-23,-1.4462128257836997e-20,0.0,7.069908026236373,0.5423988663276101,0.0,0.0,0.0,0.0,999.9999999971059,-7.63601746569651e-10,0.0,-6.61362618264708e-21,0.0,0.0,8.87960356559802e-14,-2.091709583713913e-34,49.99999999994451,3.518573650465584e-11,6.361876413256458e-21,-4.646679785337804e-30,78.01301715306069,0.0,0.0,27.482430481395177,0.0,0.0,19000.0,0.0,0.0,67.0,0.0,0.0,0.0,0.0,0.0,6.592409687013049,0.0,67.0,0.0,41667.0,0.0,0.0,0.0,0.0,0.0,67.0,0.0,35000.0,0.0,0.0,0.0,0.0,16667.0,0.0,0.0,40493.0,0.0,0.0,5.010097877978445,0.004272408891240143,2.0661929723184663e-06,1.7166471206999084e-09,2.555534627277985e-09,1000.0000000105852,2.453863587180696e-09,-1.289908884032299e-18,1.003192777316563e-17,-1.4630683462124105e-10,4.639976579470967e-11,-2.0976918528773363e-13,1.945539329092869e-29,8.428558549562322e-32,-4.401199933646286e-41,1.5998666568286933e-21,-2.667411698881075e-41,-9.210886251014967e-43,-6.942394340482449e-47,6.96639616041283,99.99999999978542,0.0,0.0,11.450820850501744,-2.7136880983716062e-09,1.7480299339758248e-20,2.863477017203749e-23,2.5452367989107912e-21,1.9459914172539218e-25,1.232511844205263e-25,1.7193760700756826e-22,2.5287634024198345e-26,7.351835148773361e-22,60.0,-1.745235200978261e-24,2.0107390735909612e-22,3.9599902493143417e-25,-1.9558581081189248e-26,1.5714598833370624e-26,2.06775494966468e-26
700,0.0,0.0,2.111875427294828e-11,2.760846679344134e-19,-4.335877729615947e-19,-1.76912898818004e-21,8.720839501100715e-23,-2.296185654336277e-20,0.0,6.593497901015532,0.620483414966796,0.0,0.0,0.0,0.0,1000.0000000059729,-5.457783443443698e-10,0.0,5.991262432151435e-19,0.0,0.0,9.121122869918508e-14,-2.2511758411590017e-32,49.99999999986157,-1.729560582458768e-11,1.4052342863504312e-21,-5.0577230621931476e-30,77.21532511780917,0.0,0.0,26.500927069743554,0.0,0.0,19000.0,0.0,0.0,67.0,0.0,0.0,0.0,0.0,0.0,7.813592486094657,0.0,67.0,0.0,41667.0,0.0,0.0,0.0,0.0,0.0,67.0,0.0,35000.0,0.0,0.0,0.0,0.0,16667.0,0.0,0.0,40493.0,0.0,0.0,5.373479469591034,0.004254727926759335,-3.2578739376482123e-06,-2.554803616947704e-09,-7.483641730248519e-11,1000.000000016313,3.4433528201788748e-09,-7.349005009391602e-19,1.0628414192625244e-17,1.0212077359286385e-10,1.426893211989977e-10,-3.5540018402310724e-13,-4.0955015148076334e-29,8.337372412282127e-32,-1.0102778757631285e-41,-2.7057592795910584e-20,2.3987187854287045e-41,4.930057706043129e-43,1.5881697219761148e-46,6.496114243215606,100.00000000008683,0.0,0.0,11.360219208066185,5.321124141464876e-09,6.4398691437612774e-21,7.04711945236048e-23,9.617544797341647e-22,3.18893733861198e-26,1.5156358243430835e-25,1.0393376612852277e-22,3.2171455836286783e-25,-5.46932238015834e-23,60.0,-1.5819854669163636e-24,1.290405729279406e-22,3.158284098933445e-24,-6.029434227957044e-27,3.0388128484352585e-26,-3.368548121014638e-27
800,0.0,0.0,1.1541445960627585e-10,1.2057219717640011e-19,-2.5074510991021195e-18,2.8943536453769343e-21,3.2486996869376284e-23,-1.701711252902368e-20,0.0,6.190992845112147,0.685214437207962,0.0,0.0,0.0,0.0,1000.0000000053489,-1.277360541100763e-10,0.0,6.485022285082497e-19,0.0,0.0,-6.532527574065505e-14,-2.2888353364459788e-32,49.999999999852804,-2.8270223625085926e-13,1.920940250374031e-21,-3.508010557473646e-30,76.10874456617992,0.0,0.0,25.188793370850266,0.0,0.0,19000.0,0.0,0.0,67.0,0.0,0.0,0.0,0.0,0.0,8.884758088443721,0.0,67.0,0.0,41667.0,0.0,0.0,0.0,0.0,0.0,67.0,0.0,35000.0,0.0,0.0,0.0,0.0,16667.0,0.0,0.0,40493.0,0.0,0.0,5.700865467776064,0.00583588030959668,1.0206618893960126e-07,1.555693426636385e-09,1.8149555980049317e-09,999.9999999876313,3.821117621314254e-10,-1.007465612074303e-18,9.353247163099848e-18,-1.9920916311423265e-10,9.17316956934811e-11,-3.0231453546258064e-13,-4.446067778196169e-29,5.198555879788301e-33,1.8946502017235694e-41,-1.7466965082959286e-19,-6.95090995392563e-41,-8.243587105349061e-44,8.608641345631991e-47,6.133920731968437,99.9999999999415,0.0,0.0,11.23693930236343,2.6556369391099038e-09,1.1423398169960388e-20,-2.557024681714814e-23,-4.490489220783789e-22,4.8256154877058434e-26,-1.0138964003422283e-25,2.9242170139552414e-22,4.638029317729687e-25,-6.543555125086641e-22,60.0,1.6341183486918968e-23,-2.0999961285537172e-22,-2.4060783560185544e-24,7.507011428017434e-26,1.821275461828374e-26,-2.314792579943102e-28
900,0.0,0.0,7.893762044936828e-10,3.385564131064895e-19,1.102093209941925e-19,-3.6282073671100325e-21,2.5728137882488637e-23,-3.251068405513499e-20,0.0,5.7740451740563286,0.8135505072224665,0.0,0.0,0.0,0.0,1000.0000000048543,-7.216998342576692e-10,0.0,-3.4742355239712053e-19,0.0,0.0,1.3294602953901554e-13,1.1314127102677613e-32,49.99999999989332,-3.4194101541756503e-11,4.393061358675442e-21,6.523965953288639e-30,75.29419718771095,0.0,0.0,24.25105504617089,0.0,0.0,19000.0,0.0,0.0,67.0,0.0,0.0,0.0,0.0,0.0,9.41907085916019,0.0,67.0,0.0,41667.0,0.0,0.0,0.0,0.0,0.0,67.0,0.0,35000.0,0.0,0.0,0.0,0.0,16667.0,0.0,0.0,40493.0,0.0,0.0,6.01273445879731,0.0077700837373168114,5.923266059799265e-07,-2.851189415875462e-10,-8.547762271825772e-09,1000.0000000088158,-3.3993712128495175e-09,1.6156987221650495e-18,-7.047131767038488e-18,-1.5683305015339458e-10,1.1725236548003064e-11,3.775930759463147e-13,5.587429356025184e-30,-3.4314385456168467e-32,4.0683654176685193e-41,-3.4607739342516406e-20,2.479572419956188e-41,1.2620647694375038e-42,4.624510840334716e-47,5.929240060775719,99.99999999984604,0.0,0.0,11.195798989515758,-3.0326697356730063e-09,4.5496088551899404e-21,-9.613276885878776e-23,1.5481672822362195e-21,3.6166693228960945e-27,-3.592092105855082e-26,1.0071922514628868e-22,-3.6177039973487647e-25,6.9421205377296725e-22,60.0,-1.459909540270746e-23,-1.5225843266669402e-22,7.321603897359976e-25,4.988921754991403e-26,6.926943600044788e-27,-1.1285943448923661e-26
1000,0.0,0.0,-9.80351819968879e-10,-2.769238220313458e-19,2.2068576713282793e-18,-1.6224086757112257e-21,8.768897863613438e-23,2.7994731772358327e-21,0.0,5.572236919209773,0.8749493605059824,0.0,0.0,0.0,0.0,999.9999999961678,3.398899676951577e-10,0.0,-3.4295832419999356e-19,0.0,0.0,-8.392794435357717e-14,-1.391459877140296e-32,49.99999999987382,2.294922586324217e-11,-6.829064706955835e-21,4.260845946409339e-30,74.82470941161364,0.0,0.0,23.81160624488137,0.0,0.0,19000.0,0.0,0.0,67.0,0.0,0.0,0.0,0.0,0.0,10.239346726911648,0.0,67.0,0.0,41667.0,0.0,0.0,0.0,0.0,0.0,67.0,0.0,35000.0,0.0,0.0,0.0,0.0,16667.0,0.0,0.0,40493.0,0.0,0.0,6.510891205086887,0.008640315512215474,-2.1903936179151774e-06,-1.9827238311256057e-09,6.777776615684771e-09,999.9999999959817,1.3009877943818803e-09,-6.779066780140564e-19,4.8491360381421035e-18,-1.9248509452488386e-10,-1.1092467754494689e-10,-5.562040476849129e-13,-3.859956183807782e-29,-1.2682769048907728e-31,3.498903767897202e-41,1.2816130388639413e-19,-8.894184308018254e-42,-1.0341931408807121e-42,4.385885534555122e-47,5.692096144288033,99.99999999993882,0.0,0.0,11.0475513951269,-6.608500274943196e-10,1.281096812077345e-20,-9.943192982486763e-23,-6.946534222164402e-22,-3.7052439128332986e-26,7.715073006065869e-26,-1.97583679128228e-22,4.688565203626889e-25,9.013791967007935e-22,60.0,-5.868775157892797e-25,5.340406143271724e-23,1.839407234958961e-24,-2.8716384175809156e-26,2.1720477433626696e-26,-1.0201354332723076e-26
1100,0.0,0.0,-8.231199593393935e-10,2.501868453846969e-19,-9.940126181000057e-19,4.530689748965402e-22,2.4742175200635202e-23,2.3433577446064383e-20,0.0,5.31883880280048,0.9589501609690765,0.0,0.0,0.0,0.0,1000.0000000029942,3.207872620640028e-10,0.0,3.228458787283913e-19,0.0,0.0,-3.3068943624238288e-15,-9.344172421972707e-33,50.000000000169976,1.7625021386314704e-11,3.2392979849081437e-21,1.9427608376849724e-31,73.98720635316624,0.0,0.0,23.23349638014303,0.0,0.0,19000.0,0.0,0.0,67.0,0.0,0.0,0.0,0.0,0.0,10.877120033144328,0.0,67.0,0.0,41667.0,0.0,0.0,0.0,0.0,0.0,67.0,0.0,35000.0,0.0,0.0,0.0,0.0,16667.0,0.0,0.0,40493.0,0.0,0.0,6.771867685571896,0.009374259669856614,-1.4065435803028165e-06,2.365677353721598e-09,6.525425465241421e-09,999.9999999933838,-2.4227764711665612e-09,-1.1350681310904266e-18,5.8440680002827325e-18,1.820282682379147e-10,-2.0247892232203704e-11,-2.7389059171494086e-13,-2.879699399630156e-29,-9.67258694231081e-33,-4.727144157189312e-41,1.1911640784118768e-19,5.067696849968734e-42,9.290684788206309e-43,-1.2507337800632602e-46,5.320242323559253,99.9999999997593,0.0,0.0,11.053696356708562,5.8633487956451435e-09,-9.652018207150762e-21,-3.1330913089300276e-23,1.1102103234698828e-21,-1.1227810780816077e-25,7.021499943285093e-26,-2.703837089017974e-22,-5.103481401649667e-25,-9.789698664833278e-22,60.0,-1.1983070781799521e-23,-6.879016488659909e-23,2.426432032026671e-24,-3.000640774152145e-26,1.6318224841932355e-26,-1.4241922332628526e-26
1200,0.0,0.0,6.768700681413079e-10,-1.3529965360391768e-19,-2.941726940775728e-19,-2.8844014025720144e-21,2.1015327157848444e-23,-5.879710047344301e-24,0.0,5.048029220788013,1.069114966900486,0.0,0.0,0.0,0.0,1000.0000000080942,8.785246463813662e-10,0.0,-3.8842848210726566e-19,0.0,0.0,-1.245103942689241e-13,5.9538587959169024e-33,49.999999999815316,-2.5256288409136528e-11,9.375999336418885e-21,2.442154803462772e-30,73.00115211700911,0.0,0.0,22.10407244727795,0.0,0.0,19000.0,0.0,0.0,67.0,0.0,0.0,0.0,0.0,0.0,11.456511375126293,0.0,67.0,0.0,41667.0,0.0,0.0,0.0,0.0,0.0,67.0,0.0,35000.0,0.0,0.0,0.0,0.0,16667.0,0.0,0.0,40493.0,0.0,0.0,6.873514089873575,0.009567841927404055,4.4668338527411425e-06,1.4126235810874624e-09,4.196058575525489e-09,1000.0000000089675,-1.6548488791296024e-09,-1.4405197301613902e-18,1.0062657745122371e-17,-7.981140195692682e-11,-6.651988579363082e-11,5.897496736205345e-13,2.158417936800662e-29,-1.5780974152356375e-32,4.2136455827198574e-41,-1.145172547408041e-19,-4.586062241633759e-41,-1.504416988769855e-42,-1.5464018117676112e-46,5.130368144431669,99.99999999996308,0.0,0.0,10.9839645126168,5.8145298291798195e-09,1.6342082869009737e-20,-6.6078748997603305e-24,1.1371951727491925e-22,-1.7661586471434641e-25,9.837728536026953e-26,-7.17277381572415e-23,2.711515083196566e-26,7.5731171300529665e-22,60.0,2.0011727845117987e-23,-2.20443390310156e-22,-3.69220294114318e-24,6.377822677887129e-26,2.7889365499425775e-26,-8.302580256876156e-27
1300,0.0,0.0,2.2910206945197732e-11,2.5342081986201063e-19,2.441367842139998e-18,-1.0690348613314013e-21,-4.026020158388784e-23,2.498599823711659e-20,0.0,4.903114014856659,1.1466446546774713,0.0,0.0,0.0,0.0,1000.0000000042285,5.073976079835708e-10,0.0,2.0794893220300065e-19,0.0,0.0,2.429315177135343e-14,1.330848977110841e-32,50.0000000000699,-7.097203290210691e-12,-2.1879924618756476e-21,-4.88544299640395e-30,72.34359797716868,0.0,0.0,21.600545736012023,0.0,0.0,19000.0,0.0,0.0,67.0,0.0,0.0,0.0,0.0,0.0,12.429933994621162,0.0,67.0,0.0,41667.0,0.0,0.0,0.0,0.0,0.0,67.0,0.0,35000.0,0.0,0.0,0.0,0.0,16667.0,0.0,0.0,40493.0,0.0,0.0,7.154377331465447,0.012630885418895175,1.747488802454989e-06,9.44394506255784e-10,8.448055473046869e-09,1000.0000000138056,-3.969278737713218e-09,6.222439060973194e-19,1.0330031762264367e-17,4.559326744878564e-11,-6.248894054497725e-11,-3.4285586587927105e-13,-4.6507776492057733e-29,-9.398103163449783e-32,-3.8794108018915694e-41,-1.8414845450656424e-19,-1.2397254622313786e-41,1.5612019682893958e-42,1.631412795865548e-48,4.808354210948193,100.0000000000543,0.0,0.0,10.860847079974647,-5.7460379853491916e-09,1.2494949285625458e-20,6.197951908686213e-23,-1.7312370335546044e-21,-2.2410554961772615e-25,-1.388749311418201e-26,1.5042165461035745e-22,-5.169301010027215e-25,3.818149241702195e-22,60.0,-1.3168436439286865e-23,-1.981972513552778e-22,1.0806708535635495e-24,6.326270962815898e-26,-2.6996709965758783e-26,1.5295277308293642e-26
1400,0.0,0.0,-3.257661237930643e-10,3.576627506050309e-20,-2.318627649445216e-18,1.5692577023546124e-21,5.34585604530923e-23,-7.512724453372074e-21,0.0,4.761260557895744,1.2515609450048044,0.0,0.0,0.0,0.0,1000.0000000063663,1.0596037774773777e-09,0.0,4.2570627852170284e-20,0.0,0.0,3.953591565989796e-14,1.825639943916948e-32,50.00000000010783,2.7751387723861987e-11,-2.3951394428232893e-21,5.854715540950087e-32,72.04731596325517,0.0,0.0,21.095119416778477,0.0,0.0,19000.0,0.0,0.0,67.0,0.0,0.0,0.0,0.0,0.0,13.514337820813662,0.0,67.0,0.0,41667.0,0.0,0.0,0.0,0.0,0.0,67.0,0.0,35000.0,0.0,0.0,0.0,0.0,16667.0,0.0,0.0,40493.0,0.0,0.0,7.406287004192244,0.01436218738745274,3.494653393466111e-06,1.5957493480821433e-09,-3.6725561373435485e-09,999.9999999827918,6.891754687450322e-10,-1.270531959350383e-18,-6.930525223985463e-18,1.745487050288385e-10,-8.215573388466003e-11,-4.4242799474572514e-14,-2.3148251476205936e-29,-1.2208217851931549e-31,-8.475043410410067e-42,7.296915431643109e-20,-2.3168547050900107e-41,1.0606499964445411e-42,-9.236871136153659e-47,4.5720932018493565,100.00000000011649,0.0,0.0,10.786087957433786,-1.3768893013530894e-09,-8.954851083311929e-21,8.50143054228249e-23,5.808525982037839e-21,-2.2738532326480817e-26,4.154503906785133e-26,1.8547747282731205e-22,-6.905421106253255e-26,1.0711615779412875e-21,60.0,-1.97196139099807e-23,1.7409325672914981e-22,-3.3650399126089546e-24,4.2478962263434866e-26,-1.6465164154533865e-26,-3.1397171029826506e-27
1500,0.0,0.0,1.0150021445978372e-09,-3.731630887521898e-19,6.783218777996864e-19,-2.9712566406661067e-21,-2.228401506765941e-23,1.6721712752674158e-20,0.0,4.526542260492684,1.2940102217053744,0.0,0.0,0.0,0.0,999.9999999988664,-7.226105499595787e-10,0.0,5.580087576449757e-19,0.0,0.0,-6.420766750084783e-14,-2.0861042494421447e-32,50.00000000003764,-1.9008284187352126e-11,4.420076115996632e-21,7.27651919679038e-30,71.45505444330273,0.0,0.0,20.201653264247817,0.0,0.0,19000.0,0.0,0.0,67.0,0.0,0.0,0.0,0.0,0.0,13.523522903648212,0.0,67.0,0.0,41667.0,0.0,0.0,0.0,0.0,0.0,67.0,0.0,35000.0,0.0,0.0,0.0,0.0,16667.0,0.0,0.0,40493.0,0.0,0.0,7.405069776391582,0.014444828399208177,5.75315637782458e-06,-4.811249485383657e-10,4.152456052887855e-09,1000.0000000103878,-2.335919961708894e-09,-1.4784301998471417e-18,4.38704678706903e-18,-1.740939725403491e-11,4.709422978303305e-11,2.3248505466169945e-13,2.837344100968758e-29,6.482386863237764e-33,-2.0618740170088747e-41,4.9143265779078075e-20,5.461391438653004e-41,-5.840099035643255e-43,1.4221237628160341e-46,4.489122823860205,99.99999999999078,0.0,0.0,10.650714592307768,-4.7743693403559704e-09,1.599043183157149e-20,-6.711941898097843e-23,-5.718008528404479e-21,-2.3849469689836567e-25,-7.959590279473879e-26,3.3257310792887075e-22,3.8515378469010008e-25,1.8651062590901456e-22,60.0,-4.501479527986084e-24,-8.562306458835866e-23,3.809844934500578e-24,-6.912781846732103e-26,6.911472594923791e-27,5.569789495906412e-27
1600,0.0,0.0,-7.123521681149612e-10,-2.8288743607291227e-19,2.3120925523927817e-18,3.322713021066531e-21,-2.811592568231642e-23,-1.1448857587855713e-20,0.0,4.296305602679236,1.3838598265610287,0.0,0.0,0.0,0.0,1000.0000000006045,-9.211040811218645e-10,0.0,-1.1959060837755102e-19,0.0,0.0,1.5439638540979264e-14,-1.0013739879969737e-32,50.00000000018137,1.5377783021958526e-11,-1.795380605043738e-22,-3.563528906209224e-30,70.75227639018986,0.0,0.0,19.624722699711157,0.0,0.0,19000.0,0.0,0.0,67.0,0.0,0.0,0.0,0.0,0.0,14.710467609282615,0.0,67.0,0.0,41667.0,0.0,0.0,0.0,0.0,0.0,67.0,0.0,35000.0,0.0,0.0,0.0,0.0,16667.0,0.0,0.0,40493.0,0.0,0.0,7.743748229357225,0.016594952775285478,4.7450947452974996e-06,4.439222672067698e-09,2.6147981028946494e-09,999.9999999988377,4.83146185995976e-09,7.3944856506498e-20,-5.711733259473329e-18,1.6391504585091092e-10,-1.1840347241434223e-10,1.429245209281164e-13,-1.1305079314624913e-29,1.355550062089873e-32,2.699168331212753e-41,-2.480223428363332e-21,1.3801291231789976e-41,4.7071787806446815e-43,-8.732939829968458e-47,4.253584294477655,99.9999999998642,0.0,0.0,10.601997248118865,-4.037295503751898e-09,4.1199639049426084e-21,-8.078224727213322e-23,2.874755670898677e-21,3.021458378167632e-26,4.857175028290961e-26,1.6234249745595583e-22,-4.597470712625165e-25,-8.665383132019908e-22,60.0,6.412188312901936e-24,-9.042343604968182e-23,-2.478324821393453e-24,-3.8343216062165354e-26,2.4517021410964907e-26,-1.1962805425049384e-26
1700,0.0,0.0,5.275003108807087e-10,-1.2965709281525536e-19,5.588497187489237e-19,-1.1149904322119538e-21,6.95410457321213e-23,3.6853849769352524e-20,0.0,4.110071429214027,1.4351449989794571,0.0,0.0,0.0,0.0,999.9999999914055,-1.4491846032244611e-11,0.0,-6.240605873662971e-19,0.0,0.0,-1.2802061120446453e-13,1.1253131884831881e-32,50.00000000008728,-1.455746149582136e-11,5.062810494473754e-21,-4.2162074667179676e-33,69.82911454587737,0.0,0.0,19.112762776752206,0.0,0.0,19000.0,0.0,0.0,67.0,0.0,0.0,0.0,0.0,0.0,15.04808124159622,0.0,67.0,0.0,41667.0,0.0,0.0,0.0,0.0,0.0,67.0,0.0,35000.0,0.0,0.0,0.0,0.0,16667.0,0.0,0.0,40493.0,0.0,0.0,7.781087111122676,0.018165650037768776,8.448537756549242e-06,1.6288289534180742e-09,1.0812455534479585e-08,999.9999999894239,-2.806499932087379e-09,-4.452787975262286e-19,-1.9125352579715567e-18,-1.2259176813127635e-10,7.639168986546427e-12,5.621983636543878e-13,1.0103813187906733e-29,-1.0659365421090236e-31,-3.4409006933035144e-41,4.285202577579339e-20,5.482263042330071e-41,-1.063545543649254e-42,1.2113480137907092e-46,4.217497280130358,99.99999999989122,0.0,0.0,10.529017772653098,1.9614792122292167e-09,1.3869294127721066e-20,2.089427226441019e-23,-4.330024115874975e-21,-1.6419023599710644e-25,-1.3254027215921005e-25,2.6610113728290293e-22,2.067406015663555e-25,8.367921858001833e-22,60.0,-1.730837593295498e-23,-7.744446308332257e-23,-1.5154584321118764e-24,-5.765343095651843e-26,7.974889200191657e-27,-2.0689576861278266e-26
1800,0.0,0.0,5.402779609933084e-10,3.6841920121655595e-19,-3.3668962572665806e-19,-3.489205504460753e-21,-8.013291975346726e-23,4.263138746686202e-21,0.0,4.150780940374802,1.5633983488875156,0.0,0.0,0.0,0.0,999.9999999902361,1.0615713887724361e-09,0.0,-8.121690295444408e-20,0.0,0.0,1.3370958797853225e-13,1.689567411845644e-32,49.99999999991535,1.6808325849935046e-11,-4.9898440591723275e-21,6.533694042578617e-30,69.10802495758654,0.0,0.0,18.27690861981114,0.0,0.0,19000.0,0.0,0.0,67.0,0.0,0.0,0.0,0.0,0.0,15.992714507732904,0.0,67.0,0.0,41667.0,0.0,0.0,0.0,0.0,0.0,67.0,0.0,35000.0,0.0,0.0,0.0,0.0,16667.0,0.0,0.0,40493.0,0.0,0.0,7.971718102228993,0.020430118409957815,6.370966256211227e-06,3.592402983805004e-09,2.665046794550532e-09,999.9999999907083,4.914884378543607e-09,5.267788250201812e-19,8.304752927680319e-18,-6.934036526563519e-12,-7.25695356185545e-11,2.609438965044791e-13,-4.116792706676044e-30,-1.0367168197180595e-31,-2.0842574065723774e-41,-1.367962474852602e-19,-4.1766583351096755e-41,-2.659516803307255e-43,4.784559513798593e-47,4.154331300898168,99.99999999989156,0.0,0.0,10.477887571616614,-2.7077051695189516e-09,8.740628431565558e-21,1.0835130643311578e-22,-1.5010061657329043e-22,-5.553635719678756e-26,6.673437321613782e-26,-7.831885163570607e-23,3.8233641074052023e-25,6.644128583660541e-22,60.0,-3.2482512143178755e-24,-1.7265776924336358e-22,4.0688049435741265e-24,-1.1706795619250136e-26,1.9898994675186148e-27,-2.3112403599462043e-26
1900,0.0,0.0,4.5055881362095937e-10,3.751894306451952e-19,-2.4040648526517237e-18,4.332059337879331e-21,7.527341070472497e-23,1.9484833525545385e-20,0.0,3.8646580198073344,1.5811930157324516,0.0,0.0,0.0,0.0,999.9999999922627,-6.155457164028347e-10,0.0,4.181692728044808e-20,0.0,0.0,4.6759441148759004e-15,3.896669030640426e-33,49.99999999992178,-1.711512725608156e-11,7.48413390889882e-21,-5.7443336737113784e-30,68.80417539287592,0.0,0.0,17.79951435119245,0.0,0.0,19000.0,0.0,0.0,67.0,0.0,0.0,0.0,0.0,0.0,15.96920903379854,0.0,67.0,0.0,41667.0,0.0,0.0,0.0,0.0,0.0,67.0,0.0,35000.0,0.0,0.0,0.0,0.0,16667.0,0.0,0.0,40493.0,0.0,0.0,7.943133373657957,0.021032430824293086,5.40808124347857e-06,2.6467329475857796e-09,-1.9215741522207885e-09,999.9999999746972,3.207231292594858e-11,7.645555653682788e-19,1.0789371856919602e-17,-6.637208554586707e-11,1.0831020245429464e-11,-1.9476788791758437e-13,-4.377492427057541e-29,1.390379008817025e-31,-4.641522823441739e-41,1.6208922326015518e-20,7.288183736730805e-41,8.634782228277268e-43,4.438794897237769e-47,3.947513909400882,99.99999999972222,0.0,0.0,10.332336095785417,3.632126630478161e-09,1.5384462664572573e-20,-9.798847835391141e-23,-2.0473400707537286e-21,-7.448449616984432e-26,-1.2719807210899403e-26,-5.289372333424834e-23,-1.4381884111391792e-25,-7.579036868322539e-22,60.0,4.387945016365275e-24,2.2176357535252366e-22,7.173050820795869e-25,3.6538198601464754e-26,4.753634057601584e-27,5.379278325192879e-27
2000,0.0,0.0,2.1706205167288075e-09,3.1285705651814123e-19,-2.108933475293831e-18,-1.6781867021248997e-21,6.785463699907093e-23,1.3281289822426426e-21,0.0,3.7613620993454786,1.667650811432526,0.0,0.0,0.0,0.0,999.9999999903504,-2.3107462129793754e-10,0.0,-5.945587327348993e-20,0.0,0.0,-9.207589911114342e-14,-1.8981166180891084e-32,50.000000000148624,1.194494551231528e-11,1.0555646648361553e-20,-4.1542834522044065e-30,68.5817774287165,0.0,0.0,17.155347168296476,0.0,0.0,19000.0,0.0,0.0,67.0,0.0,0.0,0.0,0.0,0.0,16.596532688025647,0.0,67.0,0.0,41667.0,0.0,0.0,0.0,0.0,0.0,67.0,0.0,35000.0,0.0,0.0,0.0,0.0,16667.0,0.0,0.0,40493.0,0.0,0.0,8.12860824728992,0.022257663361959737,1.1581249496497973e-05,2.4588878980770025e-09,1.597291831120917e-08,999.9999999783682,8.16556152559905e-10,1.0747638508707128e-18,8.590589713866197e-18,2.697226771813202e-10,-5.018566174189601e-11,5.4277579271717854e-14,-3.828249351326527e-29,1.4071792903261865e-31,-1.7245845573260518e-41,4.8525407690279967e-20,2.9034217674607933e-41,1.2230917237222635e-42,1.1302636680280151e-46,3.814070603885028,99.99999999997229,0.0,0.0,10.311205692819911,6.984319066335298e-09,-6.238366382196999e-21,-9.954824760360134e-23,-2.363155328742722e-21,-1.936747818832781e-25,1.4502290687663566e-26,1.2793521942656077e-22,6.975645588631933e-26,-3.715939521715755e-22,60.0,-1.8595022964530525e-23,-1.8805268267665202e-23,3.9282657136766375e-24,-4.803632316224753e-26,2.1794389570528223e-26,1.673532376521663e-26
2100,0.0,0.0,1.146302630804145e-09,3.543333246674445e-19,1.56009472307189e-19,2.889373150240383e-21,1.7300314370049132e-23,4.168308764142956e-20,0.0,3.8176251174264006,1.748786711736335,0.0,0.0,0.0,0.0,999.9999999844646,7.90951557033886e-10,0.0,-3.5764600039382697e-19,0.0,0.0,1.5857952888339148e-13,1.0493995773777815e-32,50.000000000148965,9.721415751678341e-14,5.012864402167953e-21,-9.657076386699695e-31,67.46477728929523,0.0,0.0,16.66386416827769,0.0,0.0,19000.0,0.0,0.0,67.0,0.0,0.0,0.0,0.0,0.0,17.34844084863783,0.0,67.0,0.0,41667.0,0.0,0.0,0.0,0.0,0.0,67.0,0.0,35000.0,0.0,0.0,0.0,0.0,16667.0,0.0,0.0,40493.0,0.0,0.0,8.229032749247285,0.023977235456196778,9.738228979978576e-06,5.1636872677448286e-09,2.9995799668801057e-09,999.9999999820958,-3.675713810726214e-10,-8.995295342888748e-19,4.434713034213885e-19,8.770161135145203e-11,1.6593607955410132e-10,-1.6588223761020493e-13,-1.617131616164938e-30,1.0995310581878122e-31,-1.8120235392504342e-41,8.087360579111928e-20,-2.698848196140739e-41,-5.875872785735433e-43,3.985342794934308e-47,3.8210057674611457,99.9999999999515,0.0,0.0,10.263799980287025,3.2118048238784935e-09,6.867785815674674e-21,-1.0320258305953165e-22,-1.59333957956498e-21,2.4273019326021324e-25,4.525734411537234e-26,-3.0502684350278465e-22,-2.515062832616826e-25,7.692010295569102e-22,60.0,6.61857101361786e-24,1.4909181055572957e-22,-7.479047454614215e-25,-5.1166923302540335e-26,3.1984413949375914e-27,-7.466642608465659e-27
2200,0.0,0.0,1.582442216916406e-09,1.5829261355912247e-20,-2.433520670455862e-18,-1.7684112767698686e-22,-8.603627014830587e-23,2.6648777307806753e-20,0.0,3.6052101489332684,1.8363943495989479,0.0,0.0,0.0,0.0,999.9999999830358,2.962048069550485e-12,0.0,5.154790872959579e-19,0.0,0.0,1.2368500625703775e-13,6.646014870570048e-33,49.99999999994107,4.359606311050083e-11,-8.251225880097397e-21,6.597854928326988e-31,67.30234599960727,0.0,0.0,16.218364545550376,0.0,0.0,19000.0,0.0,0.0,67.0,0.0,0.0,0.0,0.0,0.0,17.751845888498906,0.0,67.0,0.0,41667.0,0.0,0.0,0.0,0.0,0.0,67.0,0.0,35000.0,0.0,0.0,0.0,0.0,16667.0,0.0,0.0,40493.0,0.0,0.0,8.222436519085655,0.024834416269110007,1.0254378840852008e-05,5.4734872770679696e-09,1.5465777176292156e-08,999.9999999704733,7.462678499665295e-09,-1.5951462025796154e-18,-6.2002038313017425e-18,6.759848298835941e-11,1.2769435988285477e-10,-3.880888954448856e-13,-4.105326512694879e-31,4.1864014267405887e-32,-2.69764280357061e-41,-1.4145726269513572e-20,1.42558430677414e-41,-4.540563972670915e-43,2.7243090101371286e-47,3.656755389153102,99.99999999951135,0.0,0.0,10.113032990669181,1.2043377072986334e-08,1.6945235895142756e-21,-4.683840041294497e-23,4.235731079851875e-21,-7.160920277322328e-26,1.421156270837699e-25,1.0306666368180952e-22,8.679108272757602e-27,7.998444700567221e-22,60.0,1.6378742468414032e-23,-6.400292711221506e-23,1.59708317327557e-24,-3.3451673506028173e-26,1.622995918846988e-26,-1.0964229012295358e-26
2300,0.0,0.0,2.461850428467567e-09,-2.4902132189961846e-19,1.3579301659987013e-19,2.683811870070984e-22,3.3549347783378805e-23,2.6981928839054898e-20,0.0,3.5019342298695073,1.8911275852490392,0.0,0.0,0.0,0.0,999.9999999889556,1.0651289924422783e-09,0.0,4.2551234169424467e-19,0.0,0.0,1.9065734994607905e-13,-5.43067031055187e-34,49.999999999843965,4.230902407362413e-12,5.763939822979746e-21,1.9022833308726722e-30,66.83141720317808,0.0,0.0,15.431404031082128,0.0,0.0,19000.0,0.0,0.0,67.0,0.0,0.0,0.0,0.0,0.0,18.463068280374067,0.0,67.0,0.0,41667.0,0.0,0.0,0.0,0.0,0.0,67.0,0.0,35000.0,0.0,0.0,0.0,0.0,16667.0,0.0,0.0,40493.0,0.0,0.0,8.487302733458325,0.026298597243024056,1.9483828582662236e-05,1.0905067419312167e-08,1.5726747607430303e-08,999.9999999576468,6.146502108875051e-09,-1.6566539994763355e-19,-7.43499197250744e-18,1.4082589629962364e-10,-7.610174079887913e-11,-2.108467828969887e-13,6.361597215974977e-30,-7.729598545229314e-32,3.249609199729728e-41,1.9194455660242902e-19,-5.056803723105696e-41,6.242448450568597e-43,1.5768612752368084e-47,3.6272603694457723,99.99999999959931,0.0,0.0,10.056041360767304,1.5095252066892142e-08,-9.618891923039822e-21,2.178057559363327e-23,-1.606049439671285e-21,1.5727387877712734e-25,-7.572515340059844e-26,2.4186009105388763e-22,-2.33928241734196e-25,9.474998061293035e-23,60.0,6.543404675041954e-24,-1.8979496845278463e-22,1.8554384291735898e-25,-7.167280333350784e-26,-1.8131559911789836e-26,6.0526901849027575e-27
2400,0.0,0.0,2.516147110680758e-09,3.5801523779336396e-19,2.1628388592533443e-18,-2.530357651985095e-21,-5.56379263866996e-23,-2.1175365929696895e-20,0.0,3.4816322454553568,2.0238037412338974,0.0,0.0,0.0,0.0,999.9999999774066,1.83602048693733e-09,0.0,-1.268868937450189e-19,0.0,0.0,1.3728488875426455e-13,2.0246461608144568e-32,49.999999999898655,1.9828349316613187e-11,-2.924127857695961e-21,1.7234613726703173e-31,66.04588605030082,0.0,0.0,15.243561469840504,0.0,0.0,19000.0,0.0,0.0,67.0,0.0,0.0,0.0,0.0,0.0,18.699480096195956,0.0,67.0,0.0,41667.0,0.0,0.0,0.0,0.0,0.0,67.0,0.0,35000.0,0.0,0.0,0.0,0.0,16667.0,0.0,0.0,40493.0,0.0,0.0,8.596686825386262,0.02890082000777954,2.119925999593314e-05,1.135608260318464e-08,1.4125857129215044e-08,999.9999999676168,4.382624201734518e-09,9.172424813699541e-19,-9.27425988074005e-18,3.3001186605155037e-10,2.332843675077102e-10,4.3091991430508555e-13,2.127290994905399e-30,1.27606259000942e-31,-3.245763140449148e-41,9.113948465315433e-20,5.789087660414108e-41,1.411691077393509e-42,3.6997736535993717e-47,3.390371475270521,99.99999999970179,0.0,0.0,10.001369427747456,1.7350463808526424e-08,-1.5002986831983668e-20,-4.065299987625993e-23,1.851053586762731e-22,-1.5453167122781484e-25,-9.60043310540865e-26,2.331008954789016e-23,3.517299670399786e-25,1.0801419709440012e-21,60.0,-9.651736922634373e-24,1.4168668990986364e-22,3.6691488471757326e-24,-1.0358188393293989e-26,-2.6304318741203534e-26,3.95789098318158e-27
2500,0.0,0.0,2.798849792404309e-09,1.3519221226346723e-19,-1.721598866861471e-18,1.64761274084198e-21,4.394319951638461e-23,-2.0620171833258925e-20,0.0,3.4419038945027,2.046889702965425,0.0,0.0,0.0,0.0,999.9999999875852,3.4716708935378605e-10,0.0,-2.1131098262799334e-19,0.0,0.0,7.297521745479861e-14,1.065360478909775e-32,49.99999999994801,3.119837715114688e-11,8.753743184971642e-21,-5.463488829581904e-30,65.5913689771253,0.0,0.0,14.61998753943993,0.0,0.0,19000.0,0.0,0.0,67.0,0.0,0.0,0.0,0.0,0.0,19.312962831781324,0.0,67.0,0.0,41667.0,0.0,0.0,0.0,0.0,0.0,67.0,0.0,35000.0,0.0,0.0,0.0,0.0,16667.0,0.0,0.0,40493.0,0.0,0.0,8.545104521480393,0.02951281087948622,2.3413606068114383e-05,1.0006203027090745e-08,2.4369263545286177e-08,999.999999966639,6.726110667468052e-09,-4.1967949710293113e-20,6.6355570034276805e-18,3.908102287770169e-10,-2.4160036399365118e-11,6.332126923359249e-14,6.997794957769728e-30,5.008573404086305e-32,-9.531238920093036e-42,2.848951444511611e-20,5.613342078877901e-41,-1.4241288258168031e-42,8.955134255571035e-48,3.38444837655017,99.99999999921414,0.0,0.0,9.933986813063965,1.5824807560375073e-08,1.2287318546510846e-20,1.0610151971035588e-22,-5.138425731046318e-21,4.5323837301428945e-26,8.748976890596448e-26,1.579681490852301e-22,1.0277910811473262e-25,1.9101951811773605e-22,60.0,1.8561698694040978e-24,-2.121136629373824e-22,-3.766977151945138e-24,-7.620341138374051e-26,3.0421547676464304e-26,-7.225059049784096e-27
2600,0.0,0.0,4.909185407241193e-09,4.125032150964382e-19,2.4671439145929648e-18,-1.7651359266436638e-21,-5.271140757089573e-23,-1.4058834225106e-20,0.0,3.315520549207467,2.1689290632162628,0.0,0.0,0.0,0.0,999.9999999836116,2.045806417348489e-09,0.0,-4.687601064267303e-19,0.0,0.0,2.6383389962522577e-13,1.263880052850135e-32,49.99999999997636,1.758024759523047e-12,-1.8839141891469664e-21,-3.613967376378117e-30,65.66375437930976,0.0,0.0,14.2390669877757,0.0,0.0,19000.0,0.0,0.0,67.0,0.0,0.0,0.0,0.0,0.0,19.50416216491384,0.0,67.0,0.0,41667.0,0.0,0.0,0.0,0.0,0.0,67.0,0.0,35000.0,0.0,0.0,0.0,0.0,16667.0,0.0,0.0,40493.0,0.0,0.0,8.666509352254206,0.031213894378668613,2.3579515867996617e-05,1.4333277559547145e-08,3.870655436720277e-08,999.99999992591,1.0079190827370922e-08,-1.1162041763226264e-18,7.722903231364757e-18,7.508369594144525e-10,1.842056616777926e-10,8.362892595732609e-13,4.84839698017708e-29,-4.257649062974749e-32,-4.388467438838749e-41,-1.3116208792568523e-19,-5.733907112529495e-41,5.443701198011942e-43,-1.2107974485899816e-46,3.3733695208037098,99.99999999931227,0.0,0.0,9.920086103891787,1.831831747281081e-08,-1.481194683360256e-20,-6.387770499723253e-23,-3.9179154898735946e-21,-4.4012524033176994e-26,3.252784051157852e-26,1.3118526490764566e-22,-9.537497466534632e-26,-2.8008901590597133e-22,60.0,2.0684004306216637e-23,-1.608110143421356e-22,-1.714165429269028e-24,-2.1440501716628697e-26,1.0278580288230348e-26,1.8204776997170416e-26
2700,0.0,0.0,5.510143138911739e-09,-3.0983293804803505e-19,2.3277949272415816e-18,-3.832081106253061e-21,2.102253595858285e-23,-1.5790577176237042e-20,0.0,3.3051062591033853,2.2211418364675612,0.0,0.0,0.0,0.0,999.9999999666202,2.38784515348464e-09,0.0,-1.4084091753809264e-19,0.0,0.0,1.886081222629048e-13,-1.7683524390086037e-32,49.99999999959765,1.580987481500936e-11,4.554035867936561e-21,-6.866820737524403e-30,64.97457765177487,0.0,0.0,13.673547111502355,0.0,0.0,19000.0,0.0,0.0,67.0,0.0,0.0,0.0,0.0,0.0,19.929557868309487,0.0,67.0,0.0,41667.0,0.0,0.0,0.0,0.0,0.0,67.0,0.0,35000.0,0.0,0.0,0.0,0.0,16667.0,0.0,0.0,40493.0,0.0,0.0,8.648761484284488,0.033051380397412,2.6719228812653296e-05,1.544145319985405e-08,3.593024455798175e-08,999.9999999103424,7.497942322116446e-09,-1.4442535448449757e-18,2.5782863199950528e-18,7.452555522174889e-10,2.31106012958102e-10,5.107750717764321e-13,-8.183057054609818e-30,1.5087676334663636e-32,-3.355125344398623e-42,9.936663944744991e-20,4.411238683862342e-41,-5.048231760888338e-43,-6.835483764583984e-47,3.314468810947071,99.9999999993205,0.0,0.0,9.822185469770826,2.6147859343000514e-08,9.545351240221878e-21,-7.555715947807706e-23,-4.189135183581777e-21,-1.59861433143606e-25,4.4991020277843915e-27,1.9024304284733314e-22,-4.201625522214604e-25,-8.053326889704066e-22,60.0,-1.9304716084190423e-23,-4.735233785071994e-23,-5.89687882900598e-25,-5.332073604841645e-26,-1.3404934880713703e-26,-1.2713100059033726e-26
2800,0.0,0.0,6.886007441634557e-09,4.1405985679230166e-19,2.0560382574302842e-18,-1.2426425349664404e-21,4.5886824795025623e-23,-1.899640711959649e-22,0.0,3.142937592849625,2.282575571054728,0.0,0.0,0.0,0.0,999.999999956003,3.1497173886657754e-09,0.0,5.409809286477359e-19,0.0,0.0,1.5320178575791508e-13,2.1945722023107955e-32,49.999999999840256,8.350533246015032e-11,-5.486554574194076e-21,1.3284287244976563e-30,64.72336060696173,0.0,0.0,13.96854171785092,0.0,0.0,19000.0,0.0,0.0,67.0,0.0,0.0,0.0,0.0,0.0,20.256103492826522,0.0,67.0,0.0,41667.0,0.0,0.0,0.0,0.0,0.0,67.0,0.0,35000.0,0.0,0.0,0.0,0.0,16667.0,0.0,0.0,40493.0,0.0,0.0,8.67379454492057,0.03553593894391334,3.402599803937569e-05,2.2188416787161e-08,4.712213823216564e-08,999.9999999152795,1.288748616449158e-08,-7.543327993561187e-19,-9.664035582889756e-18,1.0531990975298248e-09,8.327293612796533e-11,3.581614092252523e-13,-7.047023465111113e-31,-1.429713282044066e-31,-4.3713983005957105e-41,-1.8243050889148794e-19,-7.701063408797472e-41,-1.110493214109441e-43,-1.6256262677548033e-47,3.259361180726448,99.99999999888502,0.0,0.0,9.697880890390298,2.617161573882744e-08,-1.0494668597368327e-21,-3.235497744416863e-23,-2.9742594813883983e-21,-7.329994059600917e-26,-1.4016580315510085e-25,2.8966108644669126e-22,-1.5071914299823326e-25,6.157527580335464e-23,60.0,-4.3735059930989176e-24,4.7340232566048453e-23,-3.4556479450311095e-24,-5.253896835188965e-26,3.102873351554849e-26,-9.398584778872146e-27
2900,0.0,0.0,6.944009943213587e-09,4.2376163242378197e-19,2.075756661544487e-18,4.6938284613269626e-21,5.72677373990679e-23,4.637721937094922e-20,0.0,3.2288723195608386,2.3670618822358924,0.0,0.0,0.0,0.0,999.9999999554332,3.4605415856889803e-09,0.0,-4.0433276925168974e-19,0.0,0.0,2.282238231288739e-13,-5.952510834924335e-33,49.99999999971211,3.9355971627278486e-11,3.676047492232653e-21,3.8088210780074585e-30,64.51743875079903,0.0,0.0,13.043801131670453,0.0,0.0,19000.0,0.0,0.0,67.0,0.0,0.0,0.0,0.0,0.0,20.896532242002174,0.0,67.0,0.0,41667.0,0.0,0.0,0.0,0.0,0.0,67.0,0.0,35000.0,0.0,0.0,0.0,0.0,16667.0,0.0,0.0,40493.0,0.0,0.0,8.814673783982773,0.03629257690287063,4.104026026456555e-05,2.2495546516647524e-08,4.4695223872464436e-08,999.9999998891476,1.8761062833716535e-08,-5.0034438207630154e-20,8.061551921312329e-18,1.4403975435976479e-09,2.3395094426379077e-10,1.4261088039572858e-12,2.1949079407701204e-29,-4.450490656740518e-32,-1.7150537598060704e-41,1.5041416609693086e-19,-4.758250764749161e-41,6.1354294604424e-43,1.3671796954400247e-46,3.2565931182871206,99.99999999902425,0.0,0.0,9.687982376963305,2.9431236889823156e-08,-1.0935283074897455e-20,-9.603477400896941e-23,-3.3139622911245188e-21,-6.57930305417338e-26,-1.3488592707242508e-25,-4.771441969675596e-23,-2.92365074962422e-25,8.611338464759675e-22,60.0,-1.9070175226868333e-23,4.717815233812448e-24,-3.153994220892554e-24,2.762071240139658e-26,1.4494523765278605e-26,2.058864160623696e-26
3000,0.0,0.0,8.702371212823154e-09,4.995705837336065e-20,7.5305391776916715e-19,-4.272252260521331e-21,-5.2005558822894756e-23,-2.5704830864169636e-20,0.0,3.0656486056885353,2.3842989244758983,0.0,0.0,0.0,0.0,999.999999950011,3.989537530020578e-09,0.0,-1.3288308839228e-20,0.0,0.0,2.998022492889458e-13,1.2552452893084438e-32,49.99999999939918,1.1351580967759384e-10,9.560071547824636e-22,3.381167751041033e-30,63.620709646772276,0.0,0.0,12.870460544075293,0.0,0.0,19000.0,0.0,0.0,67.0,0.0,0.0,0.0,0.0,0.0,21.417412800054507,0.0,67.0,0.0,41667.0,0.0,0.0,0.0,0.0,0.0,67.0,0.0,35000.0,0.0,0.0,0.0,0.0,16667.0,0.0,0.0,40493.0,0.0,0.0,8.883151558837824,0.039565594902806006,4.5629556112255454e-05,2.4748972898861024e-08,5.665190728315335e-08,999.9999998847621,1.6844520418228042e-08,1.1965055209287026e-18,2.448923135150985e-19,1.4347235905517616e-09,3.036861015582085e-10,1.2289396706601372e-12,-3.982752203317835e-29,8.797556362213505e-32,-8.058009871442237e-42,-1.6596304137266666e-19,3.505236007891484e-41,-1.5060486693664837e-44,-6.164769356215362e-48,3.184734787027292,99.99999999844638,0.0,0.0,9.660040293672159,3.8808561199963385e-08,-1.5348640296478998e-20,1.9818405815791333e-23,5.0097935113500326e-21,1.3713213405265738e-25,-1.2672615323766358e-25,2.7826775651653074e-22,-2.794447004236665e-25,1.4538519851899879e-22,60.0,-7.564428298955439e-24,-1.7267715253564796e-23,-3.0996241393522557e-24,1.9780897333276759e-26,2.570616493101522e-26,-1.1652657946257665e-26
3100,0.0,0.0,9.328013579132808e-09,8.281236231028196e-22,5.194780237426573e-19,-1.9962466042563212e-21,4.9493119228010954e-23,-2.467084793852178e-20,0.0,3.082295714982825,2.417735322118134,0.0,0.0,0.0,0.0,999.9999999356884,4.400383059691821e-09,0.0,-3.771105640137416e-19,0.0,0.0,5.281992626223435e-13,-1.368037820689007e-32,49.99999999944966,1.376127068290728e-10,1.06092185835583e-20,-2.5358734548551006e-30,63.87425357838399,0.0,0.0,12.842626969481369,0.0,0.0,19000.0,0.0,0.0,67.0,0.0,0.0,0.0,0.0,0.0,21.122918405640167,0.0,67.0,0.0,41667.0,0.0,0.0,0.0,0.0,0.0,67.0,0.0,35000.0,0.0,0.0,0.0,0.0,16667.0,0.0,0.0,40493.0,0.0,0.0,9.00529306936056,0.039526226072548555,5.0385708138049995e-05,2.8212421858167943e-08,6.664867451399414e-08,999.999999875218,2.5244996748431275e-08,2.0894417327385615e-18,-8.385933808154707e-18,1.915912474450513e-09,5.166767139838753e-10,1.4153562811885005e-12,1.575662512475997e-29,-6.989162619709628e-32,2.325098975099687e-41,-1.0099828491922869e-19,2.1767785850706406e-41,-1.3376674810615434e-42,-1.6735994196010951e-46,3.0471761427872592,99.99999999829026,0.0,0.0,9.540124178021673,4.345494232211607e-08,4.764940700333753e-21,1.0680505900944904e-22,2.921818747210225e-21,-1.0750615953013493e-25,-6.380134205969348e-26,-4.5947287473891685e-23,2.0079954755882677e-25,6.892637256556928e-22,60.0,-1.8789203249529942e-23,2.1170762232725431e-22,3.742331944478555e-24,6.487313692206515e-26,-2.546326126945289e-26,-2.580555655635647e-27
3200,0.0,0.0,1.222457750914446e-08,1.1095649095333643e-19,2.8448040897451322e-18,1.00045567821143e-21,8.192844397590375e-23,3.722911375700399e-20,0.0,3.0236714322401324,2.5217618266377912,0.0,0.0,0.0,0.0,999.9999999362464,6.357315565522563e-09,0.0,-8.566997108877571e-20,0.0,0.0,5.202639525539573e-13,-1.4410830857459137e-32,49.99999999921954,1.6478941142506042e-10,1.7824343578628398e-21,-6.235004137583927e-31,63.38100367997523,0.0,0.0,12.450633587514954,0.0,0.0,19000.0,0.0,0.0,67.0,0.0,0.0,0.0,0.0,0.0,22.00556795207387,0.0,67.0,0.0,41667.0,0.0,0.0,0.0,0.0,0.0,67.0,0.0,35000.0,0.0,0.0,0.0,0.0,16667.0,0.0,0.0,40493.0,0.0,0.0,8.91002769916091,0.04220234024275947,5.311218833094961e-05,3.288023296808131e-08,8.791299940008281e-08,999.9999998141927,3.282043377503644e-08,6.744268460711066e-19,-1.8753326870929937e-18,1.907389012246169e-09,6.158390050848284e-10,2.5845082071429183e-12,-1.520783107906133e-29,-6.951931780778108e-32,4.1140864077962615e-41,-1.43828099157132e-19,2.783298149243898e-41,9.053124055605416e-43,-3.4435903909590544e-47,2.971313691419343,99.99999999812592,0.0,0.0,9.503043708289814,5.5541453597791904e-08,2.0425288491039046e-20,3.216796982144327e-23,2.5645797262182378e-21,5.353515680907221e-27,1.383835165804818e-26,-7.154521065315785e-23,1.8639612842024607e-25,1.285525902017657e-21,60.0,1.078987352367649e-23,1.2417432014230677e-22,-1.547845272974503e-24,-6.626485563307134e-26,-2.4387406911595204e-26,-2.0397223719667844e-28
3300,0.0,0.0,1.3488247360156233e-08,4.916607001495487e-19,1.257674133494224e-18,-2.5405346705409534e-21,-5.2120917362371115e-23,4.1364571747242193e-20,0.0,3.0081173600774944,2.6143348294037434,0.0,0.0,0.0,0.0,999.9999999159189,8.596820197496564e-09,0.0,8.842102952486392e-19,0.0,0.0,5.674754010306999e-13,-8.783953655343087e-33,49.999999999048065,1.8331286734459547e-10,2.8089657284714164e-21,-1.2664353695615795e-30,62.51024700688036,0.0,0.0,11.495232768307787,0.0,0.0,19000.0,0.0,0.0,67.0,0.0,0.0,0.0,0.0,0.0,22.22825251514242,0.0,67.0,0.0,41667.0,0.0,0.0,0.0,0.0,0.0,67.0,0.0,35000.0,0.0,0.0,0.0,0.0,16667.0,0.0,0.0,40493.0,0.0,0.0,8.908801041771227,0.04298770082207591,6.440258588741703e-05,3.931670862852093e-08,1.0227794062067399e-07,999.9999997999955,3.7518511712386135e-08,1.2296303799269837e-18,-4.1476695783709e-18,2.25854953278546e-09,7.683015314865166e-10,3.551724554316625e-12,4.6534966752032715e-29,-1.2713958815330065e-31,-2.2677563395479612e-41,1.7803198888470262e-19,-2.346157367889174e-42,-8.469257046517472e-43,-1.5479618147504153e-46,2.8992384220444496,99.99999999760273,0.0,0.0,9.462293648956436,6.0120545515535e-08,1.3709589767916546e-20,2.7006001574551284e-23,4.926152719958052e-21,2.439874614481807e-25,1.6848028931731475e-25,8.838389653119959e-24,5.439866216854945e-25,6.476016232736563e-22,60.0,2.052983003996748e-23,-8.609929304216398e-23,-2.6177406556164365e-24,-3.1011506644214836e-26,-2.028066628284916e-26,1.9583548169282522e-26
3400,0.0,0.0,1.587742446997648e-08,6.141514014378902e-19,1.3896231505812742e-19,6.349479431752657e-21,5.877272540262982e-23,1.1918934625293387e-20,0.0,2.824577631776057,2.644136665239249,0.0,0.0,0.0,0.0,999.9999999005328,8.480044824019867e-09,0.0,8.026687781283151e-19,0.0,0.0,6.966210067880698e-13,6.63961361898959e-33,49.999999998930434,2.2074829179133287e-10,1.085911889872303e-20,4.85166901416754e-30,62.61588727843993,0.0,0.0,11.386682847245604,0.0,0.0,19000.0,0.0,0.0,67.0,0.0,0.0,0.0,0.0,0.0,22.859354809804817,0.0,67.0,0.0,41667.0,0.0,0.0,0.0,0.0,0.0,67.0,0.0,35000.0,0.0,0.0,0.0,0.0,16667.0,0.0,0.0,40493.0,0.0,0.0,9.098330163634628,0.04620159605997766,6.791961886723599e-05,4.778123361146045e-08,1.0617940485214607e-07,999.9999997775045,3.9398855584038294e-08,3.228806936262398e-18,1.1505637560552762e-17,2.6081276359627217e-09,8.444496455609038e-10,4.046808035683346e-12,-1.800432651272241e-29,-1.1201987750156871e-32,4.650739393020393e-41,2.5534210523899874e-20,6.94694172763964e-41,-1.1019237937615299e-42,6.404005530802715e-47,2.961246852575156,99.9999999971377,0.0,0.0,9.34841419017259,6.883929496952235e-08,-5.112580227457456e-21,8.025193195798517e-23,7.339954174381778e-21,2.8412001042747775e-26,6.364905112347378e-26,2.9707410351462054e-22,-1.9255697629990048e-25,6.509997844338886e-22,60.0,8.734883339290504e-24,5.2144104698178454e-23,3.122600154702355e-24,5.0781434432659465e-26,3.150071079161403e-26,1.0319617362568605e-26
3500,0.0,0.0,1.655700949172089e-08,7.72953914880615e-19,2.917102531997321e-18,7.249545916530574e-21,1.3110408458355926e-22,4.816271919925713e-21,0.0,2.9275341932567804,2.6556914701616963,0.0,0.0,0.0,0.0,999.9999998913403,1.097897794840098e-08,0.0,1.1961570098046692e-18,0.0,0.0,9.333964982988462e-13,2.6003199214566645e-32,49.99999999842374,2.7620952582138774e-10,7.232531167018154e-21,-1.028578401293456e-31,62.24699465390891,0.0,0.0,11.48278842110837,0.0,0.0,19000.0,0.0,0.0,67.0,0.0,0.0,0.0,0.0,0.0,22.470787254766282,0.0,67.0,0.0,41667.0,0.0,0.0,0.0,0.0,0.0,67.0,0.0,35000.0,0.0,0.0,0.0,0.0,16667.0,0.0,0.0,40493.0,0.0,0.0,9.04592532219839,0.048075576143190774,7.621428134994235e-05,4.8831715755867495e-08,1.3533909167310056e-07,999.9999997316387,5.3958113273707036e-08,3.446578930843665e-18,9.916312377703365e-18,3.046936426861418e-09,1.0894745937760463e-09,3.964055016154599e-12,7.079979442457736e-30,-9.429484401638322e-32,4.307826445766768e-41,1.706406696797185e-19,5.802608162599532e-41,1.5873401700410986e-43,-3.0479574945569535e-47,2.775121867790042,99.9999999970209,0.0,0.0,9.335359776468763,8.835663189901205e-08,7.658952890914697e-21,-4.162762975381837e-23,4.626867633465719e-21,1.2246431854429405e-25,-3.892386195575936e-26,3.7603269156359823e-22,3.583874023080238e-25,1.0910363841009017e-21,60.0,1.3318245413156283e-23,2.7207103683575024e-22,1.934857911533487e-24,8.270239996919707e-26,2.5913982737062454e-26,1.490745201740752e-26
3600,0.0,0.0,2.017153488449475e-08,9.12944152013221e-19,3.0195565256474613e-18,1.6885933556778439e-21,1.3230925113308077e-22,8.555163483442008e-20,0.0,2.746511077530948,2.7900288029655176,0.0,0.0,0.0,0.0,999.9999998741134,1.2753653002519613e-08,0.0,1.103014511628539e-18,0.0,0.0,1.3698827521016496e-12,1.1404283458933793e-32,49.99999999819067,3.1572299347301097e-10,1.9623627607407645e-20,1.0486184589347909e-29,61.78863796144158,0.0,0.0,11.032885652011345,0.0,0.0,19000.0,0.0,0.0,67.0,0.0,0.0,0.0,0.0,0.0,23.270225974811453,0.0,67.0,0.0,41667.0,0.0,0.0,0.0,0.0,0.0,67.0,0.0,35000.0,0.0,0.0,0.0,0.0,16667.0,0.0,0.0,40493.0,0.0,0.0,9.001485061541013,0.04967581525450704,8.330210251751253e-05,5.404016264235435e-08,1.5523224511144697e-07,999.9999996986576,6.079333787321279e-08,4.7553138917007535e-18,2.860853492759625e-17,3.766034698474885e-09,1.398491042629931e-09,4.88665627263272e-12,4.7669960411243853e-29,-4.407549326223696e-32,4.697963996126152e-42,2.4649804509693185e-19,-2.7366021038152895e-41,1.4992578340372783e-42,5.692388603403712e-47,2.8750560756373735,99.99999999643661,0.0,0.0,9.283682306649842,9.326046070714993e-08,1.1459621562475895e-20,1.932764789479641e-23,8.630303302065884e-21,-8.000205565752414e-26,2.1564791703710084e-26,2.5676424641594526e-22,8.339173118327965e-25,4.957820595387812e-22,60.0,2.375635665461234e-23,9.856807879052527e-23,-2.622488121146167e-25,-1.7655850579707452e-26,2.6061854845057057e-26,3.931270354519863e-26
3700,0.0,0.0,2.2299509408056816e-08,1.82076287839448e-18,3.4093793695986116e-18,8.854419421254699e-21,1.9969593306930825e-23,8.184540536536823e-20,0.0,2.844608545230623,2.8297759589696914,0.0,0.0,0.0,0.0,999.9999998574916,1.633502532395204e-08,0.0,1.6644897965133928e-18,0.0,0.0,1.4988646776639895e-12,1.0087300975190275e-32,49.99999999802406,3.8206966288549486e-10,2.174018641053786e-20,2.4041998120119744e-30,61.3865876062291,0.0,0.0,10.926482823950602,0.0,0.0,19000.0,0.0,0.0,67.0,0.0,0.0,0.0,0.0,0.0,23.661642315107922,0.0,67.0,0.0,41667.0,0.0,0.0,0.0,0.0,0.0,67.0,0.0,35000.0,0.0,0.0,0.0,0.0,16667.0,0.0,0.0,40493.0,0.0,0.0,9.142650822077174,0.04993568148335317,8.91852249093545e-05,6.04786768061503e-08,1.7297065445993662e-07,999.9999996500177,6.656298367497167e-08,5.319320810806677e-18,2.900466990741924e-17,4.328500095666965e-09,1.5492543888152411e-09,6.749405425937107e-12,5.672575097139784e-29,5.955759757074069e-32,-1.716707354615075e-41,4.728570786593084e-19,-2.7729517015167234e-41,-1.435225943358062e-42,1.1907327138863577e-46,2.812583269943879,99.99999999596285,0.0,0.0,9.159596614083082,1.0984951554400294e-07,3.1917873743409326e-20,1.7787081588156087e-22,2.6051068866793558e-21,4.951996409608939e-27,5.736646014545134e-26,9.609674353023521e-23,9.485948711925007e-27,1.8988448411953986e-21,60.0,1.554562252829032e-23,1.3718506371161705e-22,1.206348908071795e-25,1.2117615226976382e-25,1.514809582768982e-26,1.8062190699906503e-26
3800,0.0,0.0,2.41550737061641e-08,2.1897747451901414e-18,8.889872532462777e-18,8.61241030259996e-21,9.699068566964923e-23,1.1612598406849172e-19,0.0,2.6607807699168733,2.8316670925401652,0.0,0.0,0.0,0.0,999.9999998327219,1.786495124583427e-08,0.0,2.1693660513249578e-18,0.0,0.0,1.7047270008181705e-12,1.0525735637001134e-32,49.99999999745875,4.770867743908234e-10,1.8968084963416472e-20,1.3329628914805928e-29,61.24734299066121,0.0,0.0,10.274710134948911,0.0,0.0,19000.0,0.0,0.0,67.0,0.0,0.0,0.0,0.0,0.0,23.500780674005156,0.0,67.0,0.0,41667.0,0.0,0.0,0.0,0.0,0.0,67.0,0.0,35000.0,0.0,0.0,0.0,0.0,16667.0,0.0,0.0,40493.0,0.0,0.0,9.093979937358641,0.05310616814375232,0.0001002794781794958,7.252898856904631e-08,1.970337299394013e-07,999.9999995900934,7.576556312328589e-08,8.709623242674212e-18,3.2160394023448777e-17,4.645580442244826e-09,2.101380008592647e-09,7.667629372383426e-12,8.959668615558653e-29,2.340465509021936e-31,-2.752776056338584e-41,4.37100259133188e-19,-1.409783784420174e-41,-1.2603213506077046e-42,1.5543993807612695e-46,2.8777936937335444,99.99999999543824,0.0,0.0,9.099950419486005,1.2615604453171745e-07,4.649643158439398e-20,1.777780760371466e-22,6.561257434501954e-21,2.485944408041408e-25,3.5426891126200503e-25,4.525564742669422e-22,1.1164873121617927e-24,3.594984287293704e-21,60.0,1.580174280925142e-23,4.1095351668870396e-22,6.307671282762631e-24,6.061093615368365e-26,5.075290064902449e-26,4.599296958006378e-26
3900,0.0,0.0,2.9237241246579672e-08,2.3686158338669304e-18,1.234104754551466e-17,1.3683374263082175e-20,3.0793230271015206e-22,1.2314181483145067e-19,0.0,2.787752719465135,2.917790263182147,0.0,0.0,0.0,0.0,999.9999998105111,2.1106232450231504e-08,0.0,2.3518631789632015e-18,0.0,0.0,2.235817708773831e-12,3.8750722480752014e-32,49.99999999725701,5.662484627704694e-10,2.504211699325172e-20,9.729299158870749e-30,61.05909319659831,0.0,0.0,9.955726023925978,0.0,0.0,19000.0,0.0,0.0,67.0,0.0,0.0,0.0,0.0,0.0,24.248708920704747,0.0,67.0,0.0,41667.0,0.0,0.0,0.0,0.0,0.0,67.0,0.0,35000.0,0.0,0.0,0.0,0.0,16667.0,0.0,0.0,40493.0,0.0,0.0,9.172243182199903,0.05364085417353937,0.0001102881403050574,7.537822398275176e-08,2.148572349358095e-07,999.9999995372626,9.194624505289239e-08,1.142934804269956e-17,4.0738533210618645e-17,5.171246969141726e-09,2.4982621826101186e-09,9.484595986900137e-12,1.3431382681630149e-28,3.4581373387169585e-31,1.958852749800299e-41,7.031636310583854e-19,7.501234880885032e-41,1.467053833464335e-43,2.142602202902244e-46,2.767705495854515,99.99999999486273,0.0,0.0,9.09192315890386,1.4271974774853475e-07,4.780114122897952e-20,3.2722669459834617e-22,1.3209182508410296e-20,2.124679623349444e-25,4.708314872666592e-25,1.0735025130669286e-21,8.507626065952088e-25,2.636336053948349e-21,60.0,6.365563702394698e-23,7.914160423570813e-22,5.963476649185922e-24,2.2365855962574497e-25,8.061495844849931e-26,6.828873281433007e-26
4000,0.0,0.0,3.081963534683443e-08,3.0412291674527163e-18,1.5059844152784673e-17,1.9563853563011303e-20,3.7790821343540107e-22,2.2430789680345414e-19,0.0,2.7587937295692666,2.993879270453356,0.0,0.0,0.0,0.0,999.999999784148,2.6165036622616986e-08,0.0,4.258717165591103e-18,0.0,0.0,2.7115830654989205e-12,7.221610621989346e-32,49.99999999663692,6.239044542766942e-10,5.921518141539652e-20,3.106663225871933e-29,60.402081826573095,0.0,0.0,9.728938073287656,0.0,0.0,19000.0,0.0,0.0,67.0,0.0,0.0,0.0,0.0,0.0,24.328163935052373,0.0,67.0,0.0,41667.0,0.0,0.0,0.0,0.0,0.0,67.0,0.0,35000.0,0.0,0.0,0.0,0.0,16667.0,0.0,0.0,40493.0,0.0,0.0,9.131546508345568,0.05527271633511964,0.00011629435006412605,8.81270174121945e-08,2.40348681097004e-07,999.9999994753905,1.0306122548211934e-07,1.585698568636778e-17,6.244299699280043e-17,5.887593651898758e-09,2.7855405562478065e-09,1.0825530440274076e-11,1.070382229413583e-28,3.415927626655415e-31,4.523639014627318e-42,8.717228161952576e-19,7.784432384672238e-41,2.066412087976706e-42,-4.365491314254892e-47,2.7157455082484767,99.9999999941846,0.0,0.0,9.01294176201262,1.6165531086709046e-07,7.483502389173907e-20,3.2825856346273924e-22,2.6078546935008704e-20,5.618063970290504e-25,6.755674771292433e-25,1.1737370958560297e-21,1.4498934923470456e-24,4.035220867440888e-21,60.0,6.320180511384253e-23,1.0491454298121475e-21,1.2757076595093592e-23,2.5547707637872114e-25,9.602452005214186e-26,9.310266485350802e-26
4100,0.0,0.0,3.4705422299345395e-08,4.3877399547588285e-18,2.199323244753622e-17,3.207853884537857e-20,4.113039042455389e-22,2.8361467090311823e-19,0.0,2.664061781056438,3.0330250393878586,0.0,0.0,0.0,0.0,999.9999997535584,2.946139919182109e-08,0.0,5.593613594274133e-18,0.0,0.0,2.98717416909462e-12,1.0605562153875742e-31,49.99999999571406,7.56553525886966e-10,7.86367836491267e-20,3.604800747009401e-29,60.48020096074332,0.0,0.0,9.129756650930524,0.0,0.0,19000.0,0.0,0.0,67.0,0.0,0.0,0.0,0.0,0.0,24.221539337862687,0.0,67.0,0.0,41667.0,0.0,0.0,0.0,0.0,0.0,67.0,0.0,35000.0,0.0,0.0,0.0,0.0,16667.0,0.0,0.0,40493.0,0.0,0.0,9.27248364375394,0.056988643179294654,0.00013215583959016986,9.7232000730925e-08,2.6702888116605625e-07,999.999999436188,1.187817297231518e-07,1.9532384944680952e-17,8.508961655099748e-17,6.6225165568871196e-09,3.1788647966328627e-09,1.3883971207807363e-11,2.679160400063993e-28,4.084460650791585e-31,4.623594423681515e-41,1.306840050492283e-18,7.027674452739947e-41,2.8518335916747404e-42,1.8913194094369405e-47,2.6628655477516823,99.99999999299595,0.0,0.0,8.922615465223373,1.8403910716987933e-07,1.1446511277850733e-19,4.610633394175228e-22,3.774901840664451e-20,1.0829922349087966e-24,9.893082729272361e-25,2.174726477047979e-21,2.3829728186152476e-24,7.503279348335652e-21,60.0,9.59529868714471e-23,1.1033210561830853e-21,1.831103722461222e-23,3.6026180302706413e-25,1.0735980624510796e-25,1.4691905021226934e-25
4200,0.0,0.0,3.994069320285846e-08,5.916715659448886e-18,3.1659354761964105e-17,4.6704495428250577e-20,6.206246748201944e-22,4.120519933617149e-19,0.0,2.6059108309510877,3.1276368830843873,0.0,0.0,0.0,0.0,999.9999997330775,3.3535390287283136e-08,0.0,6.8977130251954906e-18,0.0,0.0,3.51853975068955e-12,1.2959222903742132e-31,49.999999995204035,8.989526005801534e-10,1.0106958829050194e-19,5.196189977711675e-29,60.171081660955174,0.0,0.0,9.26991198632601,0.0,0.0,19000.0,0.0,0.0,67.0,0.0,0.0,0.0,0.0,0.0,24.922136116710572,0.0,67.0,0.0,41667.0,0.0,0.0,0.0,0.0,0.0,67.0,0.0,35000.0,0.0,0.0,0.0,0.0,16667.0,0.0,0.0,40493.0,0.0,0.0,9.21022592855891,0.059979386509559654,0.00014356858257110784,1.036607705533585e-07,3.023106336315016e-07,999.9999993636452,1.4546840397735378e-07,2.5524366716709407e-17,1.2843209994507937e-16,7.72859085135248e-09,3.774057009227648e-09,1.523517348084362e-11,2.9711534854730995e-28,8.400331203402647e-31,1.3658983270177575e-40,1.8636547949860955e-18,2.069984704965948e-40,1.8939316132322996e-42,2.2212135563328833e-46,2.752739295389827,99.99999999237895,0.0,0.0,8.869583908771054,1.9690295352060547e-07,1.6785378941204707e-19,7.913350866546843e-22,5.349665146940312e-20,1.4355317657552738e-24,1.1758364060844157e-24,2.524050936433292e-21,3.642617306275312e-24,1.0966913839464083e-20,60.0,1.5110847132898265e-22,1.8706375202291007e-21,2.793465402832986e-23,4.771787481541741e-25,2.0796921481853473e-25,1.9121367137778065e-25
4300,0.0,0.0,4.453211347229882e-08,7.115508134334012e-18,4.29694401569017e-17,5.703723171441906e-20,9.377052721084999e-22,6.014477752012619e-19,0.0,2.588712548543996,3.1682168569695928,0.0,0.0,0.0,0.0,999.9999996877303,3.8222263520098324e-08,0.0,9.36251732058611e-18,0.0,0.0,4.294298118021005e-12,1.819723426425089e-31,49.99999999419146,1.0462513638008641e-09,1.4458701630784524e-19,7.400290515620594e-29,60.20747186432814,0.0,0.0,9.04249663079159,0.0,0.0,19000.0,0.0,0.0,67.0,0.0,0.0,0.0,0.0,0.0,24.678209025824213,0.0,67.0,0.0,41667.0,0.0,0.0,0.0,0.0,0.0,67.0,0.0,35000.0,0.0,0.0,0.0,0.0,16667.0,0.0,0.0,40493.0,0.0,0.0,9.324949035595385,0.061283214307279274,0.00014850119568614114,1.1560925977920224e-07,3.3569459722109176e-07,999.999999257681,1.6296538444364133e-07,3.0160898471605426e-17,1.7974592259853901e-16,8.347938352534234e-09,4.496261147940266e-09,1.8055294135459227e-11,5.079597094577376e-28,1.2016651244098336e-30,2.347784742006149e-40,2.5190909163058174e-18,3.4181008850072817e-40,6.90766737996196e-42,6.739423589275325e-46,2.548265623678015,99.99999999150607,0.0,0.0,8.813395818923823,2.2219654641405078e-07,2.3597361194433315e-19,1.207233695526759e-21,6.945412414028058e-20,2.433253985682054e-24,1.820690828839026e-24,3.8872146571900974e-21,5.6319707311209025e-24,1.3065768099740241e-20,60.0,2.1506206973648743e-22,2.533514227889926e-21,4.110201657545571e-23,6.776575136441007e-25,2.8051012902259043e-25,2.8863943679680444e-25
4400,0.0,0.0,4.82047298744195e-08,9.542820165719561e-18,5.242610671951946e-17,8.540169653091124e-20,1.4334737388680937e-21,8.21493434725698e-19,0.0,2.6893907430028827,3.193096145616717,0.0,0.0,0.0,0.0,999.9999996522827,4.4007234767304376e-08,0.0,1.3059979623771926e-17,0.0,0.0,4.955043322532555e-12,2.9922259833675652e-31,49.99999999342849,1.2608767697283431e-09,1.9623343373786007e-19,1.0896108690770293e-28,60.029482879479026,0.0,0.0,8.680630333847015,0.0,0.0,19000.0,0.0,0.0,67.0,0.0,0.0,0.0,0.0,0.0,25.458251280664573,0.0,67.0,0.0,41667.0,0.0,0.0,0.0,0.0,0.0,67.0,0.0,35000.0,0.0,0.0,0.0,0.0,16667.0,0.0,0.0,40493.0,0.0,0.0,9.285925545658639,0.06359267521071661,0.0001620207779365193,1.271776575996405e-07,3.740547272734767e-07,999.9999991793019,1.8355694585706139e-07,3.8365927291718425e-17,2.367318107358837e-16,9.488576732439468e-09,5.243045644215696e-09,2.0932332510482373e-11,7.02788104002788e-28,1.755407625683777e-30,3.519432675552014e-40,3.646826032878391e-18,5.794935968303339e-40,1.1365533843269744e-41,8.782839059209432e-46,2.5523368090437457,99.99999999040554,0.0,0.0,8.792995650290669,2.4770721963264447e-07,3.107027903871581e-19,1.516619911929555e-21,9.667900301381928e-20,3.3240296903620226e-24,2.2747348110113513e-24,5.315015922701459e-21,7.74926437954306e-24,1.896089267120657e-20,60.0,3.2065313925086306e-22,3.5634395739229414e-21,5.6270372552873e-23,1.0001915472478363e-24,4.234740615802881e-25,3.6337285755591075e-25
4500,0.0,0.0,5.347653523902354e-08,1.1640246800858546e-17,7.020608319589084e-17,1.1010486925954576e-19,1.995837464995936e-21,1.0986373552484147e-18,0.0,2.680700372086625,3.3123943330368766,0.0,0.0,0.0,0.0,999.9999996201158,5.033718317430568e-08,0.0,1.652119372029669e-17,0.0,0.0,5.722227610085644e-12,4.026658855747231e-31,49.99999999224444,1.4629722685197201e-09,2.639084618754069e-19,1.4733284327898099e-28,59.2950936194819,0.0,0.0,8.373280535478855,0.0,0.0,19000.0,0.0,0.0,67.0,0.0,0.0,0.0,0.0,0.0,25.590218743567295,0.0,67.0,0.0,41667.0,0.0,0.0,0.0,0.0,0.0,67.0,0.0,35000.0,0.0,0.0,0.0,0.0,16667.0,0.0,0.0,40493.0,0.0,0.0,9.280819773737194,0.0644825076845627,0.0001773059457828717,1.339021890741613e-07,4.0576141479059106e-07,999.999999107408,2.0780887881835192e-07,5.0650542647894165e-17,2.9499692955213134e-16,1.0522342771630893e-08,6.253521079041578e-09,2.5254097428882556e-11,9.909822710148571e-28,2.5988402192804545e-30,6.552503728241674e-40,4.6208675767067516e-18,8.228779032662812e-40,1.6844931103687794e-41,1.5423782398923017e-45,2.5982380674393726,99.9999999892995,0.0,0.0,8.750287588685643,2.8123956339645546e-07,4.1798589625791174e-19,2.2140675082670583e-21,1.3010630616265102e-19,5.1957451976278464e-24,3.2337593733947566e-24,7.754161881009216e-21,1.02722467151037e-23,2.6610957945185324e-20,60.0,4.45598118178033e-22,5.099548449539549e-21,8.420422416099462e-23,1.528711105636621e-24,6.349658692145324e-25,5.519913455244996e-25
4600,0.0,0.0,5.976189144085887e-08,1.4826896738366854e-17,9.659670920709556e-17,1.5200945390222496e-19,2.6601754980794465e-21,1.456357432602493e-18,0.0,2.6218690890150325,3.370729888772534,0.0,0.0,0.0,0.0,999.9999995686453,5.619944571925106e-08,0.0,2.2752498598442086e-17,0.0,0.0,6.760834850920055e-12,5.858087735813198e-31,49.99999999106704,1.7026320869277558e-09,3.558089110549134e-19,2.241293274917458e-28,59.31432945636473,0.0,0.0,8.126033614301104,0.0,0.0,19000.0,0.0,0.0,67.0,0.0,0.0,0.0,0.0,0.0,25.936505675417198,0.0,67.0,0.0,41667.0,0.0,0.0,0.0,0.0,0.0,67.0,0.0,35000.0,0.0,0.0,0.0,0.0,16667.0,0.0,0.0,40493.0,0.0,0.0,9.335914370743968,0.06577997662499305,0.00019221428575250357,1.4625109028499923e-07,4.4788977627421554e-07,999.9999989872397,2.415773650612437e-07,6.367062643899428e-17,3.993859555957183e-16,1.2048277560256368e-08,7.103149211807978e-09,2.904633468819012e-11,1.3582842999568493e-27,3.7282540275938714e-30,1.0307061356832218e-39,6.55079689705519e-18,1.4693346599489117e-39,2.998549854623947e-41,2.887005428103937e-45,2.5610932261278916,99.9999999881375,0.0,0.0,8.709881616721091,3.062925266746581e-07,5.87851591343813e-19,3.2355361591883647e-21,1.8965193176169135e-19,7.38869747258338e-24,4.536014449912895e-24,1.0492577459653938e-20,1.4564061307895898e-23,3.4916463521996936e-20,60.0,6.298828855686619e-22,6.750459240595999e-21,1.1625377519058511e-22,2.2112655707457204e-24,8.364098591702075e-25,7.487314136222044e-25
4700,0.0,0.0,6.490695870658555e-08,1.9043130284293194e-17,1.207757964506736e-16,1.9965306498652586e-19,3.756941112163631e-21,2.0131635408786056e-18,0.0,2.5089391110432784,3.3426468675219976,0.0,0.0,0.0,0.0,999.9999995229861,6.416846400842136e-08,0.0,2.904353552047471e-17,0.0,0.0,7.694005717884776e-12,8.803759937554261e-31,49.99999998986701,1.9251997707620703e-09,4.744322973726721e-19,3.0607213128812603e-28,58.862925243229576,0.0,0.0,8.138696197259009,0.0,0.0,19000.0,0.0,0.0,67.0,0.0,0.0,0.0,0.0,0.0,25.663133257919487,0.0,67.0,0.0,41667.0,0.0,0.0,0.0,0.0,0.0,67.0,0.0,35000.0,0.0,0.0,0.0,0.0,16667.0,0.0,0.0,40493.0,0.0,0.0,9.425143846761003,0.0689771456109349,0.00020504606248680416,1.623591452258134e-07,4.901778848793714e-07,999.9999988755392,2.64817254551347e-07,8.026404982633995e-17,5.198857111965786e-16,1.3004361670112143e-08,8.396762016026703e-09,3.288250525148277e-11,1.9379662914065553e-27,5.6275087626470806e-30,1.5013985060405486e-39,8.434717382553714e-18,2.2322184445176134e-39,4.855307120110638e-41,4.7217327918325046e-45,2.5466577994297026,99.9999999867021,0.0,0.0,8.594759429481984,3.4189864129334334e-07,7.810538909265735e-19,4.311240209141871e-21,2.593037983114808e-19,1.0267095930598368e-23,6.311614643320158e-24,1.4372247157184314e-20,2.0483352233056135e-23,4.7064621986749166e-20,60.0,8.735975765773436e-22,9.406052145666075e-21,1.6048387288229328e-22,3.0357692992926782e-24,1.2443569807185659e-24,9.91751299520114e-25
4800,0.0,0.0,7.357750719537032e-08,2.356820250038288e-17,1.6322353380732016e-16,2.6935621950046064e-19,4.9677436829041305e-21,2.6447250751863175e-18,0.0,2.4807916635477962,3.38999864847905,0.0,0.0,0.0,0.0,999.9999994711112,7.160738244727426e-08,0.0,3.815237732003164e-17,0.0,0.0,8.920399516735405e-12,1.2287591028207903e-30,49.99999998834438,2.2508866246674354e-09,6.179179316384511e-19,4.207535444581823e-28,58.616166641393285,0.0,0.0,8.17721247738849,0.0,0.0,19000.0,0.0,0.0,67.0,0.0,0.0,0.0,0.0,0.0,25.802709180622138,0.0,67.0,0.0,41667.0,0.0,0.0,0.0,0.0,0.0,67.0,0.0,35000.0,0.0,0.0,0.0,0.0,16667.0,0.0,0.0,40493.0,0.0,0.0,9.489247368086861,0.06878806553731383,0.00021631470339898723,1.7266032202282102e-07,5.368061895682175e-07,999.9999987760617,3.04260312507832e-07,1.0059793511969658e-16,6.63855584963585e-16,1.455964369751187e-08,9.549622364048618e-09,3.7823993873573673e-11,2.642003791177698e-27,7.888943274698147e-30,2.377285071345163e-39,1.1261932359593774e-17,3.618422194173873e-39,7.685120907920502e-41,8.00960298129459e-45,2.4996944879018907,99.99999998557769,0.0,0.0,8.60503225318317,3.755855335455178e-07,1.004936326047494e-18,6.026023104701612e-21,3.4648414051561013e-19,1.4549100282813268e-23,8.583808260902705e-24,1.8948955261388307e-20,2.8250878780034805e-23,6.47761283078347e-20,60.0,1.1750285910182468e-21,1.3029001328740658e-20,2.2086261473414583e-22,4.2823179901811424e-24,1.7009722246748804e-24,1.397249649603137e-24
4900,0.0,0.0,7.924486324003586e-08,2.949607765379982e-17,2.066459466609326e-16,3.53517957592577e-19,6.748755120362689e-21,3.5485756993870314e-18,0.0,2.4081829437129962,3.4692742772852694,0.0,0.0,0.0,0.0,999.9999994114644,8.1343681584669e-08,0.0,4.928198777963953e-17,0.0,0.0,1.0391130450638056e-11,1.7331528496585007e-30,49.99999998632344,2.5766580131680832e-09,8.417110396047357e-19,5.847178557929921e-28,58.351384999474696,0.0,0.0,7.872121686363081,0.0,0.0,19000.0,0.0,0.0,67.0,0.0,0.0,0.0,0.0,0.0,26.192817530548794,0.0,67.0,0.0,41667.0,0.0,0.0,0.0,0.0,0.0,67.0,0.0,35000.0,0.0,0.0,0.0,0.0,16667.0,0.0,0.0,40493.0,0.0,0.0,9.31651928671673,0.07037276786592041,0.00023190672982802976,1.8710957217180533e-07,5.980148226647779e-07,999.9999986451655,3.4105148350655316e-07,1.2337060753510568e-16,8.605471229510962e-16,1.5955418840489354e-08,1.0830366800753437e-08,4.331760003020576e-11,3.69187324139415e-27,1.0904823359811113e-29,3.66350006154528e-39,1.5056076051160095e-17,5.730796754778439e-39,1.2055788872426895e-40,1.322267657259644e-44,2.57535254379202,99.99999998399798,0.0,0.0,8.545859680696521,4.142786663478986e-07,1.3579032929260785e-18,8.449748430476793e-21,4.695585796847465e-19,2.0226560830160435e-23,1.1394686164507894e-23,2.611548671482118e-20,3.883195909073658e-23,8.47634498407178e-20,60.0,1.606967832655218e-21,1.7234137705044125e-20,3.100534910326186e-22,5.828016645930355e-24,2.325753324309871e-24,1.8469646270870556e-24
5000,0.0,0.0,8.72415712879383e-08,3.59010095609033e-17,2.6638014831941484e-16,4.679973390773826e-19,9.155347788223364e-21,4.633157222562252e-18,0.0,2.5493256508308515,3.5736883434727873,0.0,0.0,0.0,0.0,999.9999993542189,9.224037496033045e-08,0.0,6.31735113965206e-17,0.0,0.0,1.1820037149175446e-11,2.444213239843538e-30,49.99999998453388,2.9958755579821403e-09,1.100636170354617e-18,8.066829308191954e-28,58.68954035477656,0.0,0.0,7.791511190805849,0.0,0.0,19000.0,0.0,0.0,67.0,0.0,0.0,0.0,0.0,0.0,26.874822383230324,0.0,67.0,0.0,41667.0,0.0,0.0,0.0,0.0,0.0,67.0,0.0,35000.0,0.0,0.0,0.0,0.0,16667.0,0.0,0.0,40493.0,0.0,0.0,9.356765308963704,0.07337199590270875,0.0002492285597758205,2.0700756257872202e-07,6.571211654008622e-07,999.9999984995352,3.771462281065632e-07,1.5160987986408376e-16,1.1153265730617405e-15,1.7841269291577348e-08,1.2383687733796939e-08,5.0613103303513784e-11,5.008466557823023e-27,1.5455535797785636e-29,5.506317656733209e-39,1.946420806902452e-17,8.678537302612729e-39,1.920741853065421e-40,2.1322708690613126e-44,2.554893702048877,99.99999998246982,0.0,0.0,8.484522961764632,4.619346901424965e-07,1.757761299133079e-18,1.1497940571741178e-20,6.2469461355412425e-19,2.75434329963205e-23,1.543078740402766e-23,3.452673334910872e-20,5.337518151371965e-23,1.11604027065945e-19,60.0,2.1271124808789076e-21,2.355036821570434e-20,4.252579938184186e-22,8.049142365451348e-24,3.2527341410159108e-24,2.482236498949132e-24
